2013-02-25(13021) 23 24 28 30 33 01 11
2013-02-23(13020) 06 11 20 31 32 05 09
2013-02-20(13019) 06 12 17 29 30 07 11
2013-02-18(13018) 20 23 31 33 34 03 09
2013-02-16(13017) 11 14 22 29 34 05 11
2013-02-06(13016) 05 15 19 27 32 08 09
2013-02-04(13015) 14 15 26 32 33 01 11
2013-02-02(13014) 05 08 25 29 31 02 04
2013-01-30(13013) 13 15 29 30 35 01 11
2013-01-28(13012) 01 14 31 32 34 02 11
2013-01-26(13011) 01 02 08 15 23 06 09
2013-01-23(13010) 09 15 17 18 29 09 11
2013-01-21(13009) 10 17 19 27 29 05 12
2013-01-19(13008) 02 07 25 29 34 03 06
2013-01-16(13007) 14 29 32 33 34 03 06
2013-01-14(13006) 08 20 25 31 32 05 07
2013-01-12(13005) 18 22 26 28 31 10 12
2013-01-09(13004) 07 08 12 20 25 03 07
2013-01-07(13003) 01 16 18 21 31 09 12
2013-01-05(13002) 04 20 27 31 32 06 12
2013-01-02(13001) 06 09 11 31 32 05 11
2012-12-31(12154) 03 26 27 31 32 03 09
2012-12-29(12153) 08 09 10 13 22 05 10
2012-12-26(12152) 04 17 26 33 34 02 08
2012-12-24(12151) 03 19 20 24 33 03 04
2012-12-22(12150) 02 14 18 24 31 02 03
2012-12-19(12149) 02 10 23 33 34 05 10
2012-12-17(12148) 04 16 27 29 34 06 11
2012-12-15(12147) 02 03 17 19 33 02 09
2012-12-12(12146) 01 10 13 17 26 06 08
2012-12-10(12145) 05 22 31 33 35 06 09
2012-12-08(12144) 11 13 14 21 29 01 10
2012-12-05(12143) 09 27 29 30 31 03 06
2012-12-03(12142) 15 19 29 34 35 07 10
2012-12-01(12141) 03 11 19 23 34 02 12
2012-11-28(12140) 07 17 27 28 29 09 10
2012-11-26(12139) 09 10 12 22 25 04 11
2012-11-24(12138) 13 17 27 31 33 06 12
2012-11-21(12137) 03 12 20 21 27 01 06
2012-11-19(12136) 02 23 29 30 31 01 04
2012-11-17(12135) 03 05 17 18 33 06 07
2012-11-14(12134) 01 06 18 32 35 02 07
2012-11-12(12133) 05 07 13 29 30 01 05
2012-11-10(12132) 05 08 21 25 33 01 11
2012-11-07(12131) 02 16 18 27 30 08 12
2012-11-05(12130) 14 19 23 29 30 06 07
2012-11-03(12129) 01 07 21 28 31 03 09
2012-10-31(12128) 09 10 19 30 31 04 11
2012-10-29(12127) 12 13 14 25 35 10 12
2012-10-27(12126) 13 14 21 28 29 05 10
2012-10-24(12125) 06 14 17 22 35 01 02
2012-10-22(12124) 07 11 19 20 35 05 10
2012-10-20(12123) 05 08 18 30 33 01 09
2012-10-17(12122) 23 24 25 29 31 03 12
2012-10-15(12121) 07 18 20 29 30 05 06
2012-10-13(12120) 02 10 21 23 29 03 04
2012-10-10(12119) 05 06 09 19 32 06 09
2012-10-08(12118) 05 17 25 30 33 01 12
2012-10-06(12117) 01 12 18 21 33 07 08
2012-10-03(12116) 01 11 18 20 22 07 10
2012-10-01(12115) 01 06 13 19 23 06 09
2012-09-29(12114) 03 06 21 33 35 01 07
2012-09-26(12113) 03 10 22 27 29 03 12
2012-09-24(12112) 01 02 28 31 35 05 07
2012-09-22(12111) 01 24 25 30 33 04 11
2012-09-19(12110) 01 11 17 19 26 05 12
2012-09-17(12109) 01 22 30 32 35 09 11
2012-09-15(12108) 06 07 12 24 35 02 06
2012-09-12(12107) 04 07 09 22 33 01 03
2012-09-10(12106) 15 23 25 29 31 09 10
2012-09-08(12105) 05 06 14 15 31 06 08
2012-09-05(12104) 16 18 24 25 27 04 09
2012-09-03(12103) 02 09 18 23 24 01 04
2012-09-01(12102) 02 04 06 13 35 04 08
2012-08-29(12101) 02 05 08 09 31 03 07
2012-08-27(12100) 07 09 13 19 27 01 03
2012-08-25(12099) 12 18 24 25 32 02 12
2012-08-22(12098) 02 11 28 29 30 06 12
2012-08-20(12097) 09 17 24 29 32 01 02
2012-08-18(12096) 05 10 19 24 35 08 09
2012-08-15(12095) 06 09 22 27 30 08 12
2012-08-13(12094) 02 14 23 32 35 01 10
2012-08-11(12093) 02 16 21 31 33 04 11
2012-08-08(12092) 08 09 23 25 31 02 12
2012-08-06(12091) 03 10 28 31 33 01 09
2012-08-04(12090) 02 21 27 29 33 02 10
2012-08-01(12089) 06 12 21 29 32 06 11
2012-07-30(12088) 13 17 24 30 35 02 10
2012-07-28(12087) 01 06 07 21 31 04 11
2012-07-25(12086) 03 20 25 29 32 05 10
2012-07-23(12085) 07 18 29 31 33 10 12
2012-07-21(12084) 21 24 27 29 31 01 02
2012-07-18(12083) 16 19 28 29 31 05 08
2012-07-16(12082) 02 04 09 10 15 08 10
2012-07-14(12081) 10 16 17 30 35 01 08
2012-07-11(12080) 11 12 14 25 28 02 05
2012-07-09(12079) 01 05 25 32 33 01 10
2012-07-07(12078) 01 02 23 25 35 05 12
2012-07-04(12077) 10 30 32 33 34 02 03
2012-07-02(12076) 02 14 16 22 24 02 05
2012-06-30(12075) 07 09 10 18 22 05 10
2012-06-27(12074) 10 22 23 30 32 01 07
2012-06-25(12073) 18 23 29 33 34 02 07
2012-06-23(12072) 04 08 17 22 25 04 10
2012-06-20(12071) 13 23 29 31 34 06 08
2012-06-18(12070) 09 22 23 32 34 06 08
2012-06-16(12069) 02 04 22 25 34 02 11
2012-06-13(12068) 01 21 31 32 35 03 06
2012-06-11(12067) 20 22 27 30 33 01 02
2012-06-09(12066) 01 20 25 29 33 04 06
2012-06-06(12065) 10 22 28 29 34 05 11
2012-06-04(12064) 09 12 13 15 30 09 10
2012-06-02(12063) 11 25 26 29 35 01 02
2012-05-30(12062) 21 32 33 34 35 08 09
2012-05-28(12061) 05 10 14 27 33 07 09
2012-05-26(12060) 02 16 21 24 30 06 10
2012-05-23(12059) 09 13 19 21 27 03 04
2012-05-21(12058) 13 21 29 31 35 04 12
2012-05-19(12057) 01 02 14 33 34 03 05
2012-05-16(12056) 11 21 23 26 34 07 09
2012-05-14(12055) 07 22 26 32 33 01 08
2012-05-12(12054) 01 16 18 27 30 10 11
2012-05-09(12053) 11 12 26 28 31 07 12
2012-05-07(12052) 10 20 26 31 33 10 12
2012-05-05(12051) 01 02 17 18 33 05 12
2012-05-02(12050) 13 17 22 28 29 01 10
2012-04-30(12049) 09 18 22 27 31 10 12
2012-04-28(12048) 06 09 26 30 35 05 06
2012-04-25(12047) 05 07 17 30 34 03 10
2012-04-23(12046) 04 08 19 23 27 04 11
2012-04-21(12045) 05 11 17 20 28 11 12
2012-04-18(12044) 03 04 14 32 35 01 02
2012-04-16(12043) 01 06 25 31 34 03 09
2012-04-14(12042) 07 24 27 28 35 07 12
2012-04-11(12041) 01 02 13 22 23 02 10
2012-04-09(12040) 02 13 23 28 29 01 05
2012-04-07(12039) 15 21 22 24 35 01 05
2012-04-04(12038) 11 23 25 31 35 01 03
2012-04-02(12037) 09 13 27 31 35 03 10
2012-03-31(12036) 01 09 20 30 31 08 12
2012-03-28(12035) 01 04 30 32 35 08 12
2012-03-26(12034) 01 08 15 16 29 08 09
2012-03-24(12033) 08 13 19 27 32 01 08
2012-03-21(12032) 07 08 16 26 34 07 11
2012-03-19(12031) 19 21 23 25 30 03 08
2012-03-17(12030) 03 21 22 26 32 01 03
2012-03-14(12029) 04 07 08 18 29 07 10
2012-03-12(12028) 10 12 15 33 34 03 10
2012-03-10(12027) 03 10 11 22 31 05 07
2012-03-07(12026) 10 11 22 23 29 02 09
2012-03-05(12025) 01 02 05 12 27 04 07
2012-03-03(12024) 03 11 17 21 30 03 07
2012-02-29(12023) 07 09 17 29 35 09 10
2012-02-27(12022) 07 12 20 33 35 01 10
2012-02-25(12021) 10 15 21 31 34 07 08
2012-02-22(12020) 12 14 27 29 34 03 06
2012-02-20(12019) 07 09 17 30 34 01 12
2012-02-18(12018) 03 10 14 29 31 04 08
2012-02-15(12017) 06 11 22 29 34 03 12
2012-02-13(12016) 05 14 20 29 31 08 12
2012-02-11(12015) 12 13 24 26 33 06 08
2012-02-08(12014) 10 14 24 30 32 01 12
2012-02-06(12013) 07 08 11 12 24 01 02
2012-02-04(12012) 06 18 22 30 35 02 07
2012-02-01(12011) 05 19 22 29 30 02 04
2012-01-30(12010) 25 26 29 32 34 05 07
2012-01-21(12009) 06 14 20 29 35 09 10
2012-01-18(12008) 06 08 30 31 32 01 11
2012-01-16(12007) 04 05 13 17 25 07 10
2012-01-14(12006) 03 20 22 25 27 01 09
2012-01-11(12005) 01 02 29 31 33 07 12
2012-01-09(12004) 10 11 22 31 32 06 07
2012-01-07(12003) 16 22 24 33 34 03 10
2012-01-04(12002) 03 11 14 26 29 07 08
2012-01-02(12001) 07 27 28 32 33 01 12
2011-12-31(11154) 04 12 16 20 28 08 11
2011-12-28(11153) 06 22 29 30 35 03 05
2011-12-26(11152) 01 04 06 21 35 02 11
2011-12-24(11151) 07 11 14 20 27 03 10
2011-12-21(11150) 13 22 30 33 34 06 12
2011-12-19(11149) 02 07 12 29 31 03 05
2011-12-17(11148) 07 10 11 26 31 03 04
2011-12-14(11147) 01 15 16 27 28 02 07
2011-12-12(11146) 09 13 19 29 34 02 11
2011-12-10(11145) 07 15 19 24 29 04 06
2011-12-07(11144) 07 18 24 28 33 02 03
2011-12-05(11143) 08 09 12 25 33 07 10
2011-12-03(11142) 04 26 30 33 34 04 06
2011-11-30(11141) 02 11 19 22 35 10 12
2011-11-28(11140) 01 12 32 33 34 09 11
2011-11-26(11139) 04 06 10 15 16 03 04
2011-11-23(11138) 17 23 26 30 32 06 12
2011-11-21(11137) 02 15 18 23 31 01 02
2011-11-19(11136) 08 09 11 19 33 03 12
2011-11-16(11135) 06 22 29 33 35 03 12
2011-11-14(11134) 01 10 12 14 17 09 10
2011-11-12(11133) 04 11 23 26 35 03 12
2011-11-09(11132) 12 14 16 19 33 02 09
2011-11-07(11131) 03 05 12 18 33 07 11
2011-11-05(11130) 08 09 13 23 35 11 12
2011-11-02(11129) 01 07 13 18 23 04 08
2011-10-31(11128) 03 04 06 11 13 01 02
2011-10-29(11127) 01 11 22 26 29 05 08
2011-10-26(11126) 07 17 29 30 33 10 12
2011-10-24(11125) 07 10 27 34 35 10 12
2011-10-22(11124) 08 12 14 20 25 06 08
2011-10-19(11123) 10 14 18 19 35 01 06
2011-10-17(11122) 03 08 23 24 34 05 12
2011-10-15(11121) 02 03 30 31 33 03 09
2011-10-12(11120) 20 25 26 30 31 09 10
2011-10-10(11119) 04 15 20 26 31 06 12
2011-10-08(11118) 04 07 11 32 35 05 07
2011-10-05(11117) 10 12 28 32 33 03 05
2011-10-03(11116) 10 15 18 19 26 07 12
2011-10-01(11115) 17 26 30 31 35 06 11
2011-09-28(11114) 06 08 17 27 35 02 11
2011-09-26(11113) 04 05 07 10 12 04 05
2011-09-24(11112) 06 17 28 32 33 08 12
2011-09-21(11111) 02 11 13 23 31 11 12
2011-09-19(11110) 30 31 33 34 35 04 07
2011-09-17(11109) 01 11 12 22 34 08 10
2011-09-14(11108) 07 15 18 24 28 01 07
2011-09-12(11107) 02 06 18 30 32 01 08
2011-09-10(11106) 01 09 29 30 35 05 09
2011-09-07(11105) 02 11 26 32 33 05 12
2011-09-05(11104) 07 19 27 28 34 02 05
2011-09-03(11103) 03 04 26 29 34 01 03
2011-08-31(11102) 19 24 28 31 34 04 12
2011-08-29(11101) 05 12 20 28 30 03 07
2011-08-27(11100) 08 11 13 28 33 08 09
2011-08-24(11099) 02 06 09 12 20 05 08
2011-08-22(11098) 06 07 28 33 35 01 10
2011-08-20(11097) 04 19 28 31 33 11 12
2011-08-17(11096) 03 08 20 24 25 01 02
2011-08-15(11095) 09 12 17 19 29 06 11
2011-08-13(11094) 11 21 22 32 34 04 08
2011-08-10(11093) 04 06 08 19 31 10 11
2011-08-08(11092) 10 17 19 32 33 01 12
2011-08-06(11091) 11 17 23 29 30 06 08
2011-08-03(11090) 02 04 29 30 34 05 08
2011-08-01(11089) 05 06 23 27 34 03 04
2011-07-30(11088) 20 21 27 29 35 03 08
2011-07-27(11087) 06 13 20 25 34 07 09
2011-07-25(11086) 04 05 06 09 15 01 06
2011-07-23(11085) 02 17 19 21 22 03 10
2011-07-20(11084) 14 29 31 34 35 01 12
2011-07-18(11083) 06 08 18 20 24 04 08
2011-07-16(11082) 07 20 25 30 32 05 09
2011-07-13(11081) 04 13 20 21 35 02 09
2011-07-11(11080) 05 12 30 31 32 01 03
2011-07-09(11079) 01 03 23 30 31 02 10
2011-07-06(11078) 04 09 16 27 30 02 06
2011-07-04(11077) 05 08 19 33 34 01 12
2011-07-02(11076) 18 23 25 29 30 01 02
2011-06-29(11075) 06 09 20 23 28 06 10
2011-06-27(11074) 07 16 23 28 31 03 06
2011-06-25(11073) 13 19 20 22 33 05 11
2011-06-22(11072) 03 11 13 20 35 03 08
2011-06-20(11071) 27 31 33 34 35 04 06
2011-06-18(11070) 09 19 22 29 30 02 08
2011-06-15(11069) 03 05 28 29 33 04 12
2011-06-13(11068) 01 13 16 18 32 07 09
2011-06-11(11067) 10 17 22 24 32 03 10
2011-06-08(11066) 06 13 18 20 33 09 10
2011-06-06(11065) 03 11 14 25 34 01 04
2011-06-04(11064) 01 06 27 30 34 01 06
2011-06-01(11063) 10 17 18 26 32 01 05
2011-05-30(11062) 06 10 17 20 21 03 07
2011-05-28(11061) 06 07 16 18 20 04 10
2011-05-25(11060) 03 25 29 32 34 09 10
2011-05-23(11059) 09 16 21 29 34 07 10
2011-05-21(11058) 01 09 27 32 33 03 06
2011-05-18(11057) 07 11 30 31 34 09 12
2011-05-16(11056) 03 05 29 30 31 08 10
2011-05-14(11055) 01 07 31 32 35 02 10
2011-05-11(11054) 05 09 16 26 35 03 10
2011-05-09(11053) 03 16 28 31 32 01 09
2011-05-07(11052) 13 24 31 32 33 03 09
2011-05-04(11051) 06 08 12 17 18 05 10
2011-05-02(11050) 04 07 29 32 33 08 10
2011-04-30(11049) 05 06 10 22 25 01 09
2011-04-27(11048) 13 17 25 27 28 02 03
2011-04-25(11047) 02 15 22 33 35 05 08
2011-04-23(11046) 09 15 16 19 29 04 06
2011-04-20(11045) 13 21 22 29 31 07 11
2011-04-18(11044) 11 21 24 26 31 06 07
2011-04-16(11043) 02 08 23 33 35 05 10
2011-04-13(11042) 06 09 18 30 32 10 12
2011-04-11(11041) 04 05 11 13 25 03 06
2011-04-09(11040) 03 07 15 18 20 01 06
2011-04-06(11039) 01 11 14 22 34 06 08
2011-04-04(11038) 07 09 11 13 33 10 12
2011-04-02(11037) 01 12 14 22 24 10 12
2011-03-30(11036) 03 18 29 30 33 08 09
2011-03-28(11035) 03 04 13 15 32 04 09
2011-03-26(11034) 03 06 09 17 27 03 09
2011-03-23(11033) 03 19 24 29 33 03 09
2011-03-21(11032) 07 16 23 31 33 03 10
2011-03-19(11031) 12 17 19 22 35 04 11
2011-03-16(11030) 15 19 25 30 33 03 08
2011-03-14(11029) 03 09 17 24 28 06 12
2011-03-12(11028) 01 02 13 17 28 01 04
2011-03-09(11027) 05 14 25 34 35 02 05
2011-03-07(11026) 01 09 15 20 29 07 09
2011-03-05(11025) 08 09 25 28 29 02 10
2011-03-02(11024) 12 15 16 20 33 08 12
2011-02-28(11023) 05 13 16 18 24 02 12
2011-02-26(11022) 09 14 24 25 34 01 04
2011-02-23(11021) 01 09 13 17 30 02 08
2011-02-21(11020) 09 12 19 22 28 01 05
2011-02-19(11019) 08 21 23 27 33 06 11
2011-02-16(11018) 16 22 24 32 34 02 10
2011-02-14(11017) 16 19 24 26 31 02 04
2011-02-12(11016) 15 20 30 33 35 06 09
2011-02-09(11015) 08 18 19 22 23 01 03
2011-01-31(11014) 02 14 20 21 24 02 09
2011-01-29(11013) 05 08 14 28 30 04 06
2011-01-26(11012) 03 12 19 25 30 08 11
2011-01-24(11011) 02 17 23 24 30 02 09
2011-01-22(11010) 04 08 10 14 27 05 07
2011-01-19(11009) 09 10 11 14 24 03 08
2011-01-17(11008) 01 23 26 27 30 05 06
2011-01-15(11007) 14 24 32 33 35 02 09
2011-01-12(11006) 02 08 16 26 35 11 12
2011-01-10(11005) 01 07 25 27 30 07 12
2011-01-08(11004) 07 08 10 23 25 07 09
2011-01-05(11003) 01 24 27 30 31 01 06
2011-01-03(11002) 11 13 27 28 29 02 06
2011-01-01(11001) 07 08 15 32 34 05 12
2010-12-29(10153) 06 07 16 24 35 04 06
2010-12-27(10152) 02 05 18 22 23 07 12
2010-12-25(10151) 01 10 32 33 35 03 08
2010-12-22(10150) 05 24 28 29 35 01 09
2010-12-20(10149) 05 22 24 25 30 01 06
2010-12-18(10148) 03 04 08 10 35 02 06
2010-12-15(10147) 01 15 19 21 23 11 12
2010-12-13(10146) 14 17 30 31 34 04 10
2010-12-11(10145) 18 19 27 28 33 03 06
2010-12-08(10144) 02 11 16 22 31 10 11
2010-12-06(10143) 10 16 18 22 27 06 08
2010-12-04(10142) 10 11 19 21 27 04 06
2010-12-01(10141) 05 11 17 23 33 03 10
2010-11-29(10140) 06 18 20 30 31 03 06
2010-11-27(10139) 03 13 16 19 29 07 09
2010-11-24(10138) 08 12 14 19 27 05 06
2010-11-22(10137) 22 27 28 33 35 09 11
2010-11-20(10136) 03 13 18 30 33 07 08
2010-11-17(10135) 14 17 19 26 32 03 04
2010-11-15(10134) 09 12 13 19 30 04 05
2010-11-13(10133) 11 16 17 21 22 03 06
2010-11-10(10132) 18 21 23 25 29 06 11
2010-11-08(10131) 10 15 22 28 29 04 12
2010-11-06(10130) 05 06 09 10 34 08 11
2010-11-03(10129) 14 15 24 25 26 03 07
2010-11-01(10128) 06 17 19 29 35 02 08
2010-10-30(10127) 03 22 24 30 33 04 10
2010-10-27(10126) 03 05 09 13 33 05 11
2010-10-25(10125) 01 07 09 14 19 09 12
2010-10-23(10124) 01 09 27 29 34 01 06
2010-10-20(10123) 18 20 30 32 33 01 11
2010-10-18(10122) 05 06 11 13 26 02 07
2010-10-16(10121) 21 22 31 32 34 02 12
2010-10-13(10120) 08 10 18 34 35 06 10
2010-10-11(10119) 05 13 14 23 26 02 03
2010-10-09(10118) 19 22 23 29 35 08 10
2010-10-06(10117) 04 06 21 27 34 05 09
2010-10-04(10116) 14 22 27 28 35 04 10
2010-10-02(10115) 05 07 10 15 32 03 08
2010-09-29(10114) 03 07 22 25 35 03 11
2010-09-27(10113) 05 16 22 23 32 04 10
2010-09-25(10112) 14 15 18 34 35 08 10
2010-09-22(10111) 03 06 13 14 29 01 02
2010-09-20(10110) 21 29 30 33 35 07 11
2010-09-18(10109) 01 02 08 11 25 10 12
2010-09-15(10108) 01 10 13 19 34 09 12
2010-09-13(10107) 14 17 22 27 34 03 05
2010-09-11(10106) 05 27 28 29 34 09 12
2010-09-08(10105) 05 17 26 27 35 08 09
2010-09-06(10104) 14 25 30 32 33 01 11
2010-09-04(10103) 10 14 29 30 35 05 08
2010-09-01(10102) 04 15 19 24 35 01 10
2010-08-30(10101) 11 15 22 27 35 05 08
2010-08-28(10100) 19 20 30 33 35 06 08
2010-08-25(10099) 03 11 17 21 30 01 08
2010-08-23(10098) 02 03 12 13 25 01 07
2010-08-21(10097) 09 17 21 28 29 02 08
2010-08-18(10096) 04 09 24 30 35 01 10
2010-08-16(10095) 12 14 16 19 25 01 06
2010-08-14(10094) 20 32 33 34 35 06 07
2010-08-11(10093) 02 04 09 28 29 05 08
2010-08-09(10092) 02 15 29 30 34 02 12
2010-08-07(10091) 06 10 23 26 31 05 07
2010-08-04(10090) 08 24 26 31 32 07 09
2010-08-02(10089) 04 10 13 18 23 08 10
2010-07-31(10088) 03 05 14 30 35 03 06
2010-07-28(10087) 01 12 20 21 24 02 08
2010-07-26(10086) 01 02 12 19 35 05 07
2010-07-24(10085) 02 10 16 18 34 02 03
2010-07-21(10084) 03 13 14 22 26 02 05
2010-07-19(10083) 07 11 21 22 35 04 07
2010-07-17(10082) 05 08 24 29 30 04 06
2010-07-14(10081) 14 18 20 24 27 05 10
2010-07-12(10080) 08 19 27 29 34 04 10
2010-07-10(10079) 01 04 21 22 24 02 05
2010-07-07(10078) 02 03 15 28 35 01 11
2010-07-05(10077) 06 07 09 17 24 02 12
2010-07-03(10076) 09 12 16 19 35 02 12
2010-06-30(10075) 10 12 17 23 27 05 07
2010-06-28(10074) 03 07 20 27 32 02 12
2010-06-26(10073) 04 09 11 30 32 01 11
2010-06-23(10072) 05 10 17 23 25 03 10
2010-06-21(10071) 07 12 26 30 32 02 07
2010-06-19(10070) 05 14 23 25 28 11 12
2010-06-16(10069) 06 17 18 25 29 08 09
2010-06-14(10068) 11 17 19 20 34 06 10
2010-06-12(10067) 01 11 19 30 32 03 10
2010-06-09(10066) 15 21 22 24 27 01 06
2010-06-07(10065) 05 08 13 14 32 08 11
2010-06-05(10064) 07 10 12 20 21 06 09
2010-06-02(10063) 07 14 16 30 31 03 06
2010-05-31(10062) 06 07 18 30 31 07 08
2010-05-29(10061) 05 12 14 17 22 05 07
2010-05-26(10060) 10 13 22 33 34 01 05
2010-05-24(10059) 06 10 14 25 34 01 03
2010-05-22(10058) 06 15 17 19 30 01 12
2010-05-19(10057) 15 17 24 32 35 07 09
2010-05-17(10056) 05 09 23 25 30 09 12
2010-05-15(10055) 13 14 17 27 32 02 10
2010-05-12(10054) 12 25 29 30 33 10 11
2010-05-10(10053) 09 19 22 26 34 09 11
2010-05-08(10052) 04 06 25 29 32 05 06
2010-05-05(10051) 06 10 20 24 32 06 10
2010-05-03(10050) 07 08 15 30 35 05 10
2010-05-01(10049) 01 25 29 31 33 04 10
2010-04-28(10048) 02 03 10 12 25 03 09
2010-04-26(10047) 04 08 11 30 31 02 08
2010-04-24(10046) 02 15 19 26 27 05 06
2010-04-21(10045) 08 17 18 20 28 09 10
2010-04-19(10044) 06 21 24 28 30 02 07
2010-04-17(10043) 05 08 10 33 35 02 10
2010-04-14(10042) 01 05 19 34 35 06 07
2010-04-12(10041) 16 22 28 29 34 04 12
2010-04-10(10040) 13 20 26 31 35 02 11
2010-04-07(10039) 07 19 26 28 32 01 08
2010-04-05(10038) 08 10 25 29 33 01 02
2010-04-03(10037) 19 21 26 34 35 01 09
2010-03-31(10036) 19 25 28 31 33 01 08
2010-03-29(10035) 14 16 20 31 34 01 07
2010-03-27(10034) 01 06 19 25 26 03 09
2010-03-24(10033) 12 19 28 29 30 05 08
2010-03-22(10032) 13 16 23 24 33 07 11
2010-03-20(10031) 05 13 16 17 35 06 08
2010-03-17(10030) 10 12 19 32 35 02 07
2010-03-15(10029) 21 22 33 34 35 03 04
2010-03-13(10028) 01 02 07 20 35 01 03
2010-03-10(10027) 05 23 26 32 34 02 09
2010-03-08(10026) 05 23 25 31 35 07 10
2010-03-06(10025) 09 11 13 14 25 01 07
2010-03-03(10024) 03 14 19 24 25 04 11
2010-03-01(10023) 11 13 29 32 33 02 08
2010-02-27(10022) 02 11 13 14 25 02 05
2010-02-24(10021) 11 20 23 24 25 07 09
2010-02-22(10020) 08 18 26 32 33 01 06
2010-02-20(10019) 03 11 19 26 27 02 09
2010-02-10(10018) 03 10 26 32 33 04 12
2010-02-08(10017) 13 21 23 27 34 09 12
2010-02-06(10016) 10 12 20 23 32 04 10
2010-02-03(10015) 03 10 14 18 28 08 10
2010-02-01(10014) 18 19 30 33 35 02 04
2010-01-30(10013) 18 21 22 26 34 09 12
2010-01-27(10012) 20 24 30 31 33 05 12
2010-01-25(10011) 02 03 11 27 32 08 11
2010-01-23(10010) 15 22 24 32 35 02 09
2010-01-20(10009) 02 05 13 27 32 03 11
2010-01-18(10008) 11 23 25 31 32 05 11
2010-01-16(10007) 07 23 26 29 32 08 11
2010-01-13(10006) 03 13 19 30 34 02 05
2010-01-11(10005) 04 17 19 22 30 02 03
2010-01-09(10004) 03 06 21 24 34 04 06
2010-01-06(10003) 05 14 23 27 30 02 08
2010-01-04(10002) 04 23 25 26 30 07 10
2010-01-02(10001) 02 06 07 12 27 02 08
2009-12-30(09153) 21 22 30 32 34 03 07
2009-12-28(09152) 01 23 29 30 32 07 12
2009-12-26(09151) 03 08 14 30 31 04 09
2009-12-23(09150) 04 11 18 25 34 05 07
2009-12-21(09149) 01 03 10 12 20 02 07
2009-12-19(09148) 02 04 13 14 33 01 09
2009-12-16(09147) 06 12 18 22 29 05 08
2009-12-14(09146) 11 17 23 24 25 03 06
2009-12-12(09145) 05 11 14 22 35 03 10
2009-12-09(09144) 18 26 32 33 34 04 06
2009-12-07(09143) 01 09 10 11 22 01 12
2009-12-05(09142) 05 06 13 24 31 03 11
2009-12-02(09141) 13 14 21 30 33 02 08
2009-11-30(09140) 07 08 19 26 30 01 12
2009-11-28(09139) 14 16 20 22 32 05 09
2009-11-25(09138) 03 04 14 28 32 09 10
2009-11-23(09137) 12 28 29 30 34 01 09
2009-11-21(09136) 07 13 23 24 29 06 10
2009-11-18(09135) 06 08 15 20 32 05 06
2009-11-16(09134) 02 16 19 28 33 07 11
2009-11-14(09133) 01 08 24 27 34 10 11
2009-11-11(09132) 02 10 12 15 28 04 07
2009-11-09(09131) 02 03 08 33 34 03 11
2009-11-07(09130) 09 14 25 32 34 02 08
2009-11-04(09129) 02 10 18 32 33 03 08
2009-11-02(09128) 06 21 28 32 34 04 07
2009-10-31(09127) 05 09 27 32 34 05 08
2009-10-28(09126) 14 23 27 28 33 08 12
2009-10-26(09125) 08 20 23 29 31 02 11
2009-10-24(09124) 01 03 14 32 35 07 11
2009-10-21(09123) 10 21 28 29 32 06 10
2009-10-19(09122) 01 02 11 31 33 05 06
2009-10-17(09121) 04 05 08 11 22 02 10
2009-10-14(09120) 11 23 27 28 32 02 05
2009-10-12(09119) 03 12 22 23 28 04 12
2009-10-10(09118) 10 17 18 21 34 05 11
2009-10-07(09117) 07 21 29 31 33 09 10
2009-10-05(09116) 12 15 23 30 33 09 12
2009-10-03(09115) 01 02 06 08 26 05 12
2009-09-30(09114) 02 08 25 29 33 03 07
2009-09-28(09113) 03 04 10 18 27 06 08
2009-09-26(09112) 02 08 12 34 35 04 05
2009-09-23(09111) 04 11 13 19 35 10 12
2009-09-21(09110) 22 28 30 31 34 07 09
2009-09-19(09109) 02 11 13 26 35 06 10
2009-09-16(09108) 01 09 14 29 30 07 10
2009-09-14(09107) 11 12 33 34 35 01 10
2009-09-12(09106) 11 21 22 25 34 06 09
2009-09-09(09105) 01 25 26 34 35 06 11
2009-09-07(09104) 15 25 29 32 33 10 11
2009-09-05(09103) 16 20 28 32 33 01 02
2009-09-02(09102) 11 13 29 32 35 10 12
2009-08-31(09101) 02 10 14 22 26 04 09
2009-08-29(09100) 16 20 25 29 33 01 08
2009-08-26(09099) 03 09 21 23 33 06 10
2009-08-24(09098) 11 17 19 25 26 02 10
2009-08-22(09097) 06 13 14 22 25 01 04
2009-08-19(09096) 07 12 28 32 33 01 03
2009-08-17(09095) 08 18 24 30 33 01 06
2009-08-15(09094) 01 05 21 23 29 05 12
2009-08-12(09093) 07 09 22 30 33 09 11
2009-08-10(09092) 10 21 22 27 29 08 12
2009-08-08(09091) 01 05 17 32 34 03 07
2009-08-05(09090) 18 25 30 33 34 04 10
2009-08-03(09089) 03 06 11 19 27 02 07
2009-08-01(09088) 13 16 27 32 34 03 09
2009-07-29(09087) 10 24 28 30 33 01 10
2009-07-27(09086) 01 02 07 26 29 10 12
2009-07-25(09085) 06 13 27 33 34 09 12
2009-07-22(09084) 05 09 19 26 35 02 10
2009-07-20(09083) 02 05 28 34 35 01 07
2009-07-18(09082) 05 11 26 29 32 08 11
2009-07-15(09081) 02 15 20 25 33 03 06
2009-07-13(09080) 07 16 19 29 35 02 11
2009-07-11(09079) 01 02 07 13 34 04 10
2009-07-08(09078) 11 23 26 31 34 05 11
2009-07-06(09077) 07 20 28 32 34 06 08
2009-07-04(09076) 03 09 11 18 24 04 05
2009-07-01(09075) 01 07 11 32 33 09 11
2009-06-29(09074) 15 17 19 23 32 01 11
2009-06-27(09073) 01 10 19 21 30 01 04
2009-06-24(09072) 23 26 29 32 33 05 10
2009-06-22(09071) 04 20 29 30 33 02 11
2009-06-20(09070) 10 21 24 30 31 03 10
2009-06-17(09069) 14 16 27 30 33 08 12
2009-06-15(09068) 02 12 15 20 28 01 12
2009-06-13(09067) 03 06 25 28 32 02 05
2009-06-10(09066) 01 08 19 24 31 06 12
2009-06-08(09065) 01 12 24 27 32 02 11
2009-06-06(09064) 06 10 11 17 34 11 12
2009-06-03(09063) 05 06 18 21 22 01 07
2009-06-01(09062) 04 22 23 29 31 05 11
2009-05-30(09061) 02 10 21 26 34 02 10
2009-05-27(09060) 18 28 29 30 31 04 08
2009-05-25(09059) 02 13 14 29 33 04 11
2009-05-23(09058) 08 10 14 27 32 02 07
2009-05-20(09057) 06 15 22 27 30 02 09
2009-05-18(09056) 04 13 17 32 35 03 06
2009-05-16(09055) 05 08 14 23 24 05 06
2009-05-13(09054) 02 12 19 29 30 07 12
2009-05-11(09053) 05 09 24 31 33 05 06
2009-05-09(09052) 23 24 30 34 35 01 03
2009-05-06(09051) 03 11 22 26 29 05 12
2009-05-04(09050) 05 15 28 32 33 08 09
2009-05-02(09049) 05 16 28 29 34 11 12
2009-04-29(09048) 05 06 22 25 27 11 12
2009-04-27(09047) 13 18 21 24 29 03 06
2009-04-25(09046) 01 09 24 34 35 04 09
2009-04-22(09045) 01 09 14 24 35 06 09
2009-04-20(09044) 01 07 18 29 34 03 09
2009-04-18(09043) 05 21 22 32 35 02 05
2009-04-15(09042) 11 24 25 26 31 02 07
2009-04-13(09041) 05 09 20 23 29 04 10
2009-04-11(09040) 03 16 30 32 33 01 10
2009-04-08(09039) 01 03 07 10 33 03 04
2009-04-06(09038) 06 17 20 29 32 04 05
2009-04-04(09037) 17 18 19 25 31 01 11
2009-04-01(09036) 02 12 26 31 33 09 10
2009-03-30(09035) 03 07 09 28 33 03 08
2009-03-28(09034) 05 19 31 32 35 04 09
2009-03-25(09033) 02 08 18 21 32 08 11
2009-03-23(09032) 04 12 20 26 29 06 10
2009-03-21(09031) 07 11 19 21 22 01 11
2009-03-18(09030) 01 07 27 30 32 01 04
2009-03-16(09029) 03 04 13 17 24 04 11
2009-03-14(09028) 06 20 30 32 35 09 11
2009-03-11(09027) 03 22 26 33 34 09 10
2009-03-09(09026) 24 30 31 32 34 10 12
2009-03-07(09025) 03 17 22 23 33 04 10
2009-03-04(09024) 29 31 32 33 35 10 11
2009-03-02(09023) 15 17 21 27 33 07 11
2009-02-28(09022) 12 14 17 34 35 04 11
2009-02-25(09021) 01 15 31 32 34 03 08
2009-02-23(09020) 05 16 18 32 35 02 11
2009-02-21(09019) 04 29 31 32 35 04 10
2009-02-18(09018) 01 06 13 28 29 03 09
2009-02-16(09017) 05 11 23 26 33 04 12
2009-02-14(09016) 10 11 20 26 27 09 11
2009-02-11(09015) 01 05 10 16 27 03 04
2009-02-09(09014) 08 14 15 25 26 07 09
2009-02-07(09013) 05 24 26 30 35 05 12
2009-02-04(09012) 02 05 20 25 31 10 12
2009-02-02(09011) 02 11 13 14 21 02 04
2009-01-24(09010) 02 09 12 21 29 07 11
2009-01-21(09009) 12 18 23 26 32 06 09
2009-01-19(09008) 04 17 21 29 31 02 12
2009-01-17(09007) 06 14 15 29 35 06 11
2009-01-14(09006) 02 04 22 31 35 09 12
2009-01-12(09005) 10 11 15 31 32 05 08
2009-01-10(09004) 01 03 22 32 35 06 10
2009-01-07(09003) 16 18 23 30 32 02 11
2009-01-05(09002) 01 04 07 12 30 05 10
2009-01-03(09001) 01 15 23 27 30 04 10
2008-12-31(08154) 05 07 10 29 32 04 06
2008-12-29(08153) 02 04 06 25 26 02 05
2008-12-27(08152) 03 05 14 20 33 07 11
2008-12-24(08151) 07 10 27 31 34 08 09
2008-12-22(08150) 01 09 10 15 25 03 08
2008-12-20(08149) 02 05 06 27 29 03 04
2008-12-17(08148) 03 07 20 33 35 04 07
2008-12-15(08147) 16 18 19 24 35 11 12
2008-12-13(08146) 09 23 24 26 33 07 12
2008-12-10(08145) 05 16 27 29 30 05 11
2008-12-08(08144) 10 19 27 28 33 05 12
2008-12-06(08143) 01 02 22 29 32 01 04
2008-12-03(08142) 06 18 21 30 35 08 09
2008-12-01(08141) 09 15 18 30 34 04 05
2008-11-29(08140) 02 09 11 29 32 08 09
2008-11-26(08139) 01 06 10 14 22 06 08
2008-11-24(08138) 04 05 18 22 35 07 08
2008-11-22(08137) 01 10 25 32 35 05 09
2008-11-19(08136) 03 28 29 32 34 01 06
2008-11-17(08135) 07 22 25 29 33 01 12
2008-11-15(08134) 11 13 15 28 35 08 10
2008-11-12(08133) 10 12 15 33 35 03 09
2008-11-10(08132) 06 14 24 27 29 05 09
2008-11-08(08131) 08 09 12 21 32 07 11
2008-11-05(08130) 03 05 22 29 34 07 12
2008-11-03(08129) 13 16 20 25 27 04 05
2008-11-01(08128) 12 15 23 24 25 10 11
2008-10-29(08127) 08 21 22 31 33 01 07
2008-10-27(08126) 09 29 32 34 35 01 08
2008-10-25(08125) 01 04 28 33 34 06 11
2008-10-22(08124) 02 10 13 29 33 06 10
2008-10-20(08123) 01 06 12 28 31 08 09
2008-10-18(08122) 03 06 12 20 29 09 12
2008-10-15(08121) 11 23 24 32 35 04 10
2008-10-13(08120) 21 23 24 25 32 03 04
2008-10-11(08119) 01 02 10 19 27 01 11
2008-10-08(08118) 06 09 19 25 30 06 12
2008-10-06(08117) 13 23 24 25 30 02 08
2008-10-04(08116) 06 08 15 24 31 01 03
2008-10-01(08115) 07 09 19 21 33 07 10
2008-09-29(08114) 02 03 22 27 31 06 07
2008-09-27(08113) 11 14 17 19 22 01 08
2008-09-24(08112) 04 18 26 32 33 05 08
2008-09-22(08111) 02 11 12 14 19 05 09
2008-09-20(08110) 05 16 25 27 33 04 09
2008-09-17(08109) 01 10 18 28 34 05 08
2008-09-15(08108) 11 16 24 29 32 09 11
2008-09-13(08107) 01 02 13 15 16 04 09
2008-09-10(08106) 03 05 21 28 33 02 06
2008-09-08(08105) 12 21 22 26 35 04 05
2008-09-06(08104) 07 08 10 24 34 08 11
2008-09-03(08103) 02 11 22 30 34 04 09
2008-09-01(08102) 05 25 26 29 35 03 10
2008-08-30(08101) 10 13 23 31 33 04 11
2008-08-27(08100) 12 20 26 29 30 02 06
2008-08-25(08099) 03 18 23 25 30 06 10
2008-08-23(08098) 07 10 22 27 33 04 08
2008-08-20(08097) 01 10 31 33 35 03 10
2008-08-18(08096) 06 07 12 25 28 02 12
2008-08-16(08095) 03 04 11 21 25 01 07
2008-08-13(08094) 07 12 19 27 34 11 12
2008-08-11(08093) 06 07 10 24 30 05 08
2008-08-09(08092) 03 23 26 32 34 04 09
2008-08-06(08091) 09 13 19 22 25 04 10
2008-08-04(08090) 04 11 18 33 34 02 06
2008-08-02(08089) 08 13 24 32 33 03 09
2008-07-30(08088) 07 11 19 27 31 02 03
2008-07-28(08087) 14 22 32 33 35 01 05
2008-07-26(08086) 01 06 10 22 35 03 07
2008-07-23(08085) 03 07 13 15 19 02 10
2008-07-21(08084) 02 17 20 22 25 05 11
2008-07-19(08083) 06 14 15 30 31 03 10
2008-07-16(08082) 15 19 29 33 35 01 02
2008-07-14(08081) 07 08 20 22 29 04 07
2008-07-12(08080) 06 09 29 31 33 05 11
2008-07-09(08079) 20 23 26 32 33 05 12
2008-07-07(08078) 08 17 20 28 31 07 11
2008-07-05(08077) 01 08 21 33 34 05 07
2008-07-02(08076) 03 05 10 27 34 01 12
2008-06-30(08075) 01 10 13 30 33 06 07
2008-06-28(08074) 10 13 22 31 35 04 12
2008-06-25(08073) 02 05 06 07 31 08 10
2008-06-23(08072) 10 25 32 33 34 03 09
2008-06-21(08071) 01 05 11 14 25 01 09
2008-06-18(08070) 09 17 18 21 31 01 05
2008-06-16(08069) 05 13 16 29 33 06 08
2008-06-14(08068) 06 09 11 33 34 06 10
2008-06-11(08067) 03 10 14 15 22 04 07
2008-06-09(08066) 02 07 21 22 25 04 12
2008-06-07(08065) 19 22 23 25 32 06 12
2008-06-04(08064) 14 18 24 27 31 06 07
2008-06-02(08063) 07 11 24 30 35 06 08
2008-05-31(08062) 01 15 27 28 29 03 10
2008-05-28(08061) 07 10 14 19 32 03 06
2008-05-26(08060) 03 13 17 23 30 01 11
2008-05-24(08059) 07 13 21 25 31 08 10
2008-05-21(08058) 03 09 11 29 33 03 12
2008-05-19(08057) 05 08 09 17 33 05 06
2008-05-17(08056) 15 19 25 30 31 03 09
2008-05-14(08055) 02 14 28 30 35 04 12
2008-05-12(08054) 05 14 23 31 35 02 06
2008-05-10(08053) 01 13 21 23 32 03 06
2008-05-07(08052) 03 18 19 30 35 05 09
2008-05-05(08051) 01 07 09 11 33 03 11
2008-05-03(08050) 01 05 11 26 27 03 07
2008-04-30(08049) 01 11 14 28 30 03 10
2008-04-28(08048) 01 13 22 25 27 02 10
2008-04-26(08047) 12 18 22 23 30 06 12
2008-04-23(08046) 11 25 26 27 35 07 08
2008-04-21(08045) 14 32 33 34 35 02 04
2008-04-19(08044) 02 21 23 27 32 10 11
2008-04-16(08043) 05 08 10 31 33 02 04
2008-04-14(08042) 05 10 13 32 35 04 05
2008-04-12(08041) 07 17 21 22 28 05 10
2008-04-09(08040) 04 08 19 22 29 08 11
2008-04-07(08039) 07 11 15 27 35 04 07
2008-04-05(08038) 12 13 19 32 33 02 10
2008-04-02(08037) 11 20 24 31 35 04 10
2008-03-31(08036) 09 19 22 30 32 01 10
2008-03-29(08035) 02 12 13 29 30 05 07
2008-03-26(08034) 06 07 18 34 35 05 10
2008-03-24(08033) 03 10 21 23 30 01 09
2008-03-22(08032) 03 09 19 27 33 09 10
2008-03-19(08031) 14 20 23 27 28 02 04
2008-03-17(08030) 03 21 23 26 35 05 08
2008-03-15(08029) 06 11 18 29 30 04 11
2008-03-12(08028) 03 11 17 19 26 07 12
2008-03-10(08027) 05 17 23 31 32 04 08
2008-03-08(08026) 01 21 22 24 25 08 10
2008-03-05(08025) 06 10 12 15 28 04 12
2008-03-03(08024) 08 12 17 20 30 01 02
2008-03-01(08023) 06 26 31 32 34 07 10
2008-02-27(08022) 09 12 13 25 31 08 10
2008-02-25(08021) 05 10 13 21 24 04 09
2008-02-23(08020) 04 05 15 17 33 04 08
2008-02-20(08019) 08 24 25 29 31 04 05
2008-02-18(08018) 03 06 07 11 30 02 03
2008-02-16(08017) 02 14 25 29 32 01 06
2008-02-13(08016) 08 10 11 17 19 06 09
2008-02-04(08015) 09 18 20 27 33 06 09
2008-02-02(08014) 04 07 10 28 34 01 06
2008-01-30(08013) 01 11 19 22 35 05 09
2008-01-28(08012) 02 10 29 32 35 02 03
2008-01-26(08011) 14 20 22 24 27 07 10
2008-01-23(08010) 06 23 24 27 29 06 08
2008-01-21(08009) 04 08 12 24 30 05 08
2008-01-19(08008) 02 06 08 17 32 08 09
2008-01-16(08007) 03 04 05 12 28 03 12
2008-01-14(08006) 10 12 26 29 34 05 07
2008-01-12(08005) 18 25 29 31 34 09 10
2008-01-09(08004) 09 22 24 31 33 08 09
2008-01-07(08003) 01 11 13 32 35 02 07
2008-01-05(08002) 01 12 24 31 32 10 12
2008-01-02(08001) 01 02 11 34 35 03 10
2007-12-31(07093) 06 08 16 25 27 08 12
2007-12-29(07092) 06 19 27 28 29 06 10
2007-12-26(07091) 07 12 26 31 32 03 08
2007-12-24(07090) 04 20 24 31 33 09 12
2007-12-22(07089) 08 13 24 30 34 01 12
2007-12-19(07088) 17 18 21 23 33 06 10
2007-12-17(07087) 08 18 30 31 33 04 09
2007-12-15(07086) 14 18 19 26 28 03 09
2007-12-12(07085) 17 24 28 29 33 02 05
2007-12-10(07084) 05 11 18 29 34 10 11
2007-12-08(07083) 01 05 20 21 24 03 04
2007-12-05(07082) 03 05 14 33 34 07 08
2007-12-03(07081) 06 18 20 22 35 04 09
2007-12-01(07080) 01 15 20 25 27 05 10
2007-11-28(07079) 06 09 25 26 31 02 08
2007-11-26(07078) 09 12 14 22 23 01 02
2007-11-24(07077) 04 06 12 13 24 01 04
2007-11-21(07076) 02 09 12 15 31 09 10
2007-11-19(07075) 05 11 20 30 32 07 11
2007-11-17(07074) 16 17 23 24 31 05 10
2007-11-14(07073) 04 05 09 12 23 02 11
2007-11-12(07072) 21 24 26 27 33 01 05
2007-11-10(07071) 10 22 32 33 35 01 07
2007-11-07(07070) 07 26 29 30 35 03 04
2007-11-05(07069) 02 13 16 21 35 01 05
2007-11-03(07068) 04 09 13 14 33 06 10
2007-10-31(07067) 11 18 25 30 31 04 09
2007-10-29(07066) 04 07 08 19 24 07 12
2007-10-27(07065) 19 20 24 29 31 09 10
2007-10-24(07064) 02 16 32 33 35 05 10
2007-10-22(07063) 10 31 33 34 35 07 12
2007-10-20(07062) 01 04 10 14 29 11 12
2007-10-17(07061) 02 10 19 28 29 02 09
2007-10-15(07060) 12 13 29 30 31 04 07
2007-10-13(07059) 04 15 23 31 33 03 09
2007-10-10(07058) 08 21 25 28 33 02 06
2007-10-08(07057) 14 16 30 32 35 06 07
2007-10-06(07056) 04 11 17 20 21 05 09
2007-10-03(07055) 10 16 24 31 33 07 10
2007-10-01(07054) 04 10 19 29 34 03 06
2007-09-29(07053) 11 16 19 21 25 01 10
2007-09-26(07052) 01 14 29 32 33 05 10
2007-09-24(07051) 03 07 24 28 35 08 11
2007-09-22(07050) 13 21 22 30 35 01 11
2007-09-19(07049) 09 10 15 17 32 04 06
2007-09-17(07048) 08 25 26 29 35 06 08
2007-09-15(07047) 01 06 15 19 35 02 09
2007-09-12(07046) 04 16 18 23 30 01 10
2007-09-10(07045) 09 16 20 26 35 11 12
2007-09-08(07044) 04 05 07 12 26 01 10
2007-09-05(07043) 04 09 22 24 31 02 06
2007-09-03(07042) 07 10 22 31 35 05 06
2007-09-01(07041) 03 16 17 22 35 01 08
2007-08-29(07040) 05 21 25 28 35 01 04
2007-08-27(07039) 10 11 20 21 35 07 11
2007-08-25(07038) 06 21 25 27 32 08 09
2007-08-22(07037) 01 06 07 17 31 11 12
2007-08-20(07036) 15 18 21 27 34 01 02
2007-08-18(07035) 07 11 16 31 32 01 12
2007-08-15(07034) 06 08 11 13 22 02 11
2007-08-13(07033) 01 05 08 14 22 03 12
2007-08-11(07032) 01 13 21 23 32 04 11
2007-08-08(07031) 03 21 27 31 32 06 08
2007-08-06(07030) 11 14 27 33 35 02 07
2007-08-04(07029) 15 22 25 29 35 09 11
2007-08-01(07028) 20 26 30 34 35 03 10
2007-07-30(07027) 02 03 10 19 27 06 10
2007-07-28(07026) 05 09 13 33 35 01 08
2007-07-25(07025) 22 24 26 27 34 02 10
2007-07-23(07024) 06 16 20 25 31 04 09
2007-07-21(07023) 08 10 23 32 34 08 10
2007-07-18(07022) 08 10 12 23 25 03 10
2007-07-16(07021) 02 04 24 29 33 01 02
2007-07-14(07020) 02 06 11 12 18 05 12
2007-07-11(07019) 03 06 17 22 23 04 06
2007-07-09(07018) 03 04 16 23 28 06 09
2007-07-07(07017) 13 14 29 32 34 03 12
2007-07-04(07016) 01 14 19 24 31 03 12
2007-07-02(07015) 02 08 12 13 17 11 12
2007-06-30(07014) 01 02 07 29 32 06 07
2007-06-27(07013) 12 17 27 29 34 06 09
2007-06-25(07012) 03 12 15 29 34 07 11
2007-06-23(07011) 29 32 33 34 35 09 10
2007-06-20(07010) 06 08 18 29 34 09 11
2007-06-18(07009) 01 03 09 19 34 09 12
2007-06-16(07008) 02 08 11 21 23 04 07
2007-06-13(07007) 14 16 25 26 35 04 09
2007-06-11(07006) 01 16 20 23 28 03 06
2007-06-09(07005) 01 09 19 20 30 02 11
2007-06-06(07004) 06 10 16 17 25 02 04
2007-06-04(07003) 03 04 18 23 32 01 06
2007-06-02(07002) 15 22 31 34 35 05 12
2007-05-30(07001) 22 24 29 31 35 04 11
