2013-03-08(13060) 05 03 00
2013-03-07(13059) 09 05 04
2013-03-06(13058) 02 04 08
2013-03-05(13057) 06 03 09
2013-03-04(13056) 04 08 01
2013-03-03(13055) 00 05 03
2013-03-02(13054) 07 03 02
2013-03-01(13053) 02 01 02
2013-02-28(13052) 06 04 02
2013-02-27(13051) 06 05 02
2013-02-26(13050) 02 02 01
2013-02-25(13049) 07 02 08
2013-02-24(13048) 02 06 03
2013-02-23(13047) 00 07 02
2013-02-22(13046) 04 04 06
2013-02-21(13045) 02 09 09
2013-02-20(13044) 07 03 01
2013-02-19(13043) 05 03 00
2013-02-18(13042) 00 09 01
2013-02-17(13041) 09 08 06
2013-02-16(13040) 08 09 08
2013-02-08(13039) 09 01 01
2013-02-07(13038) 08 00 06
2013-02-06(13037) 03 06 05
2013-02-05(13036) 09 02 01
2013-02-04(13035) 04 04 06
2013-02-03(13034) 06 09 00
2013-02-02(13033) 03 02 05
2013-02-01(13032) 08 09 08
2013-01-31(13031) 05 09 03
2013-01-30(13030) 03 05 04
2013-01-29(13029) 07 02 02
2013-01-28(13028) 00 07 02
2013-01-27(13027) 04 09 00
2013-01-26(13026) 08 09 05
2013-01-25(13025) 03 02 02
2013-01-24(13024) 08 05 09
2013-01-23(13023) 06 07 02
2013-01-22(13022) 07 04 04
2013-01-21(13021) 07 01 09
2013-01-20(13020) 09 06 03
2013-01-19(13019) 05 06 07
2013-01-18(13018) 08 02 04
2013-01-17(13017) 03 05 09
2013-01-16(13016) 07 00 08
2013-01-15(13015) 06 04 07
2013-01-14(13014) 02 06 06
2013-01-13(13013) 02 09 02
2013-01-12(13012) 07 06 00
2013-01-11(13011) 06 01 08
2013-01-10(13010) 06 08 08
2013-01-09(13009) 05 07 04
2013-01-08(13008) 05 09 09
2013-01-07(13007) 06 02 06
2013-01-06(13006) 08 05 03
2013-01-05(13005) 04 06 08
2013-01-04(13004) 01 08 04
2013-01-03(13003) 07 02 04
2013-01-02(13002) 05 09 09
2013-01-01(13001) 05 02 04
2012-12-31(12359) 01 04 06
2012-12-30(12358) 00 01 02
2012-12-29(12357) 01 01 01
2012-12-28(12356) 04 06 02
2012-12-27(12355) 03 06 09
2012-12-26(12354) 01 08 03
2012-12-25(12353) 04 06 09
2012-12-24(12352) 09 04 04
2012-12-23(12351) 09 09 02
2012-12-22(12350) 08 09 06
2012-12-21(12349) 00 04 01
2012-12-20(12348) 08 02 01
2012-12-19(12347) 04 01 09
2012-12-18(12346) 04 03 07
2012-12-17(12345) 03 09 00
2012-12-16(12344) 04 08 08
2012-12-15(12343) 07 02 02
2012-12-14(12342) 04 09 02
2012-12-13(12341) 04 07 02
2012-12-12(12340) 06 05 04
2012-12-11(12339) 02 07 04
2012-12-10(12338) 03 03 01
2012-12-09(12337) 04 06 02
2012-12-08(12336) 05 05 07
2012-12-07(12335) 08 09 03
2012-12-06(12334) 05 02 04
2012-12-05(12333) 00 02 05
2012-12-04(12332) 08 02 02
2012-12-03(12331) 00 08 09
2012-12-02(12330) 02 01 09
2012-12-01(12329) 06 01 01
2012-11-30(12328) 08 01 04
2012-11-29(12327) 04 04 06
2012-11-28(12326) 08 09 06
2012-11-27(12325) 01 00 04
2012-11-26(12324) 08 08 08
2012-11-25(12323) 08 09 09
2012-11-24(12322) 01 07 06
2012-11-23(12321) 01 03 03
2012-11-22(12320) 00 00 09
2012-11-21(12319) 00 05 01
2012-11-20(12318) 08 03 06
2012-11-19(12317) 01 07 07
2012-11-18(12316) 07 00 08
2012-11-17(12315) 00 00 07
2012-11-16(12314) 06 02 04
2012-11-15(12313) 01 03 08
2012-11-14(12312) 00 05 06
2012-11-13(12311) 06 04 04
2012-11-12(12310) 06 04 04
2012-11-11(12309) 02 08 07
2012-11-10(12308) 02 09 09
2012-11-09(12307) 06 08 07
2012-11-08(12306) 03 03 07
2012-11-07(12305) 07 02 01
2012-11-06(12304) 04 01 09
2012-11-05(12303) 05 08 05
2012-11-04(12302) 03 04 03
2012-11-03(12301) 05 07 09
2012-11-02(12300) 09 05 04
2012-11-01(12299) 00 08 07
2012-10-31(12298) 08 03 03
2012-10-30(12297) 08 01 04
2012-10-29(12296) 04 08 09
2012-10-28(12295) 02 09 05
2012-10-27(12294) 01 03 07
2012-10-26(12293) 00 08 06
2012-10-25(12292) 02 00 03
2012-10-24(12291) 00 02 01
2012-10-23(12290) 09 07 04
2012-10-22(12289) 08 08 04
2012-10-21(12288) 05 07 06
2012-10-20(12287) 02 03 01
2012-10-19(12286) 00 04 04
2012-10-18(12285) 06 00 05
2012-10-17(12284) 05 06 00
2012-10-16(12283) 01 05 04
2012-10-15(12282) 00 01 00
2012-10-14(12281) 00 09 06
2012-10-13(12280) 00 06 03
2012-10-12(12279) 09 05 04
2012-10-11(12278) 06 06 03
2012-10-10(12277) 09 01 01
2012-10-09(12276) 01 07 09
2012-10-08(12275) 03 06 01
2012-10-07(12274) 05 06 07
2012-10-06(12273) 07 00 06
2012-10-05(12272) 09 07 03
2012-10-04(12271) 06 05 06
2012-10-03(12270) 05 02 01
2012-10-02(12269) 01 05 03
2012-10-01(12268) 06 03 00
2012-09-30(12267) 04 04 06
2012-09-29(12266) 01 00 00
2012-09-28(12265) 08 06 05
2012-09-27(12264) 00 09 02
2012-09-26(12263) 04 03 06
2012-09-25(12262) 05 00 06
2012-09-24(12261) 06 08 06
2012-09-23(12260) 04 05 07
2012-09-22(12259) 00 08 01
2012-09-21(12258) 07 09 04
2012-09-20(12257) 03 05 05
2012-09-19(12256) 00 09 02
2012-09-18(12255) 04 00 04
2012-09-17(12254) 06 07 09
2012-09-16(12253) 08 09 03
2012-09-15(12252) 08 09 02
2012-09-14(12251) 01 00 08
2012-09-13(12250) 09 09 09
2012-09-12(12249) 05 07 05
2012-09-11(12248) 09 04 00
2012-09-10(12247) 01 01 04
2012-09-09(12246) 05 07 01
2012-09-08(12245) 02 03 02
2012-09-07(12244) 04 05 03
2012-09-06(12243) 01 04 05
2012-09-05(12242) 09 06 08
2012-09-04(12241) 05 00 02
2012-09-03(12240) 00 06 03
2012-09-02(12239) 00 07 01
2012-09-01(12238) 00 09 07
2012-08-31(12237) 00 04 09
2012-08-30(12236) 09 02 09
2012-08-29(12235) 04 06 00
2012-08-28(12234) 06 01 01
2012-08-27(12233) 02 05 00
2012-08-26(12232) 01 04 07
2012-08-25(12231) 07 06 03
2012-08-24(12230) 06 04 04
2012-08-23(12229) 04 06 01
2012-08-22(12228) 00 08 01
2012-08-21(12227) 07 02 01
2012-08-20(12226) 00 01 00
2012-08-19(12225) 04 05 03
2012-08-18(12224) 05 04 00
2012-08-17(12223) 03 06 00
2012-08-16(12222) 02 04 00
2012-08-15(12221) 03 03 05
2012-08-14(12220) 00 09 09
2012-08-13(12219) 09 03 05
2012-08-12(12218) 01 07 00
2012-08-11(12217) 08 07 01
2012-08-10(12216) 07 07 05
2012-08-09(12215) 00 03 08
2012-08-08(12214) 03 02 01
2012-08-07(12213) 06 08 01
2012-08-06(12212) 01 04 04
2012-08-05(12211) 04 02 07
2012-08-04(12210) 05 07 04
2012-08-03(12209) 02 02 07
2012-08-02(12208) 07 05 07
2012-08-01(12207) 07 09 00
2012-07-31(12206) 06 00 08
2012-07-30(12205) 09 07 08
2012-07-29(12204) 03 06 01
2012-07-28(12203) 01 07 06
2012-07-27(12202) 01 00 02
2012-07-26(12201) 07 09 00
2012-07-25(12200) 02 08 02
2012-07-24(12199) 08 04 09
2012-07-23(12198) 01 01 02
2012-07-22(12197) 05 04 06
2012-07-21(12196) 09 09 03
2012-07-20(12195) 02 01 03
2012-07-19(12194) 01 05 09
2012-07-18(12193) 02 06 09
2012-07-17(12192) 05 07 06
2012-07-16(12191) 05 08 04
2012-07-15(12190) 03 01 03
2012-07-14(12189) 04 01 08
2012-07-13(12188) 06 03 08
2012-07-12(12187) 09 06 02
2012-07-11(12186) 06 07 03
2012-07-10(12185) 04 06 00
2012-07-09(12184) 01 06 09
2012-07-08(12183) 07 09 05
2012-07-07(12182) 04 05 06
2012-07-06(12181) 06 09 03
2012-07-05(12180) 09 09 00
2012-07-04(12179) 01 04 05
2012-07-03(12178) 03 05 07
2012-07-02(12177) 00 01 08
2012-07-01(12176) 04 00 00
2012-06-30(12175) 00 05 08
2012-06-29(12174) 02 01 08
2012-06-28(12173) 05 09 07
2012-06-27(12172) 04 03 07
2012-06-26(12171) 07 03 05
2012-06-25(12170) 07 08 08
2012-06-24(12169) 07 02 00
2012-06-23(12168) 06 05 01
2012-06-22(12167) 02 08 09
2012-06-21(12166) 08 06 02
2012-06-20(12165) 00 04 06
2012-06-19(12164) 07 01 08
2012-06-18(12163) 06 09 03
2012-06-17(12162) 02 04 03
2012-06-16(12161) 05 03 02
2012-06-15(12160) 09 07 00
2012-06-14(12159) 09 05 07
2012-06-13(12158) 07 07 02
2012-06-12(12157) 05 09 09
2012-06-11(12156) 04 04 00
2012-06-10(12155) 08 09 05
2012-06-09(12154) 02 00 06
2012-06-08(12153) 03 08 03
2012-06-07(12152) 07 03 09
2012-06-06(12151) 06 01 03
2012-06-05(12150) 05 09 08
2012-06-04(12149) 09 04 00
2012-06-03(12148) 05 02 04
2012-06-02(12147) 05 06 08
2012-06-01(12146) 07 02 08
2012-05-31(12145) 08 05 06
2012-05-30(12144) 02 07 08
2012-05-29(12143) 09 09 00
2012-05-28(12142) 09 06 07
2012-05-27(12141) 02 05 00
2012-05-26(12140) 00 04 04
2012-05-25(12139) 07 01 09
2012-05-24(12138) 03 08 04
2012-05-23(12137) 08 08 02
2012-05-22(12136) 07 02 00
2012-05-21(12135) 05 06 09
2012-05-20(12134) 00 04 09
2012-05-19(12133) 06 03 08
2012-05-18(12132) 06 02 06
2012-05-17(12131) 05 08 06
2012-05-16(12130) 02 01 01
2012-05-15(12129) 09 02 01
2012-05-14(12128) 01 07 08
2012-05-13(12127) 02 00 05
2012-05-12(12126) 02 08 01
2012-05-11(12125) 06 07 08
2012-05-10(12124) 09 00 01
2012-05-09(12123) 06 02 02
2012-05-08(12122) 04 07 04
2012-05-07(12121) 06 07 00
2012-05-06(12120) 04 06 09
2012-05-05(12119) 08 03 06
2012-05-04(12118) 08 00 04
2012-05-03(12117) 00 04 02
2012-05-02(12116) 04 07 01
2012-05-01(12115) 00 02 09
2012-04-30(12114) 00 07 09
2012-04-29(12113) 04 03 02
2012-04-28(12112) 07 05 00
2012-04-27(12111) 04 06 01
2012-04-26(12110) 07 00 04
2012-04-25(12109) 02 04 01
2012-04-24(12108) 03 09 09
2012-04-23(12107) 02 06 09
2012-04-22(12106) 06 08 02
2012-04-21(12105) 05 04 02
2012-04-20(12104) 03 08 08
2012-04-19(12103) 02 07 03
2012-04-18(12102) 09 05 05
2012-04-17(12101) 03 07 07
2012-04-16(12100) 04 08 09
2012-04-15(12099) 01 00 05
2012-04-14(12098) 06 01 01
2012-04-13(12097) 06 08 02
2012-04-12(12096) 07 04 09
2012-04-11(12095) 09 05 06
2012-04-10(12094) 06 00 08
2012-04-09(12093) 06 07 01
2012-04-08(12092) 07 03 09
2012-04-07(12091) 08 03 05
2012-04-06(12090) 06 08 02
2012-04-05(12089) 02 02 01
2012-04-04(12088) 05 03 05
2012-04-03(12087) 06 08 04
2012-04-02(12086) 07 01 06
2012-04-01(12085) 04 07 08
2012-03-31(12084) 02 03 08
2012-03-30(12083) 06 08 08
2012-03-29(12082) 09 09 00
2012-03-28(12081) 03 09 09
2012-03-27(12080) 07 07 02
2012-03-26(12079) 00 01 00
2012-03-25(12078) 06 06 00
2012-03-24(12077) 04 01 02
2012-03-23(12076) 00 07 08
2012-03-22(12075) 09 08 09
2012-03-21(12074) 02 07 06
2012-03-20(12073) 04 06 04
2012-03-19(12072) 09 09 08
2012-03-18(12071) 06 01 03
2012-03-17(12070) 03 00 00
2012-03-16(12069) 07 02 01
2012-03-15(12068) 09 02 05
2012-03-14(12067) 04 02 02
2012-03-13(12066) 00 08 04
2012-03-12(12065) 03 06 03
2012-03-11(12064) 08 03 01
2012-03-10(12063) 07 07 03
2012-03-09(12062) 03 05 00
2012-03-08(12061) 07 01 03
2012-03-07(12060) 04 02 04
2012-03-06(12059) 03 04 06
2012-03-05(12058) 02 05 09
2012-03-04(12057) 06 09 01
2012-03-03(12056) 01 04 03
2012-03-02(12055) 00 06 06
2012-03-01(12054) 00 05 07
2012-02-29(12053) 05 03 05
2012-02-28(12052) 08 04 01
2012-02-27(12051) 04 06 07
2012-02-26(12050) 07 07 08
2012-02-25(12049) 00 04 04
2012-02-24(12048) 08 03 03
2012-02-23(12047) 04 09 06
2012-02-22(12046) 03 07 03
2012-02-21(12045) 04 02 01
2012-02-20(12044) 06 08 03
2012-02-19(12043) 03 05 02
2012-02-18(12042) 08 04 01
2012-02-17(12041) 03 04 01
2012-02-16(12040) 08 01 08
2012-02-15(12039) 08 05 05
2012-02-14(12038) 05 02 08
2012-02-13(12037) 04 04 03
2012-02-12(12036) 00 03 04
2012-02-11(12035) 02 07 04
2012-02-10(12034) 07 04 01
2012-02-09(12033) 01 02 07
2012-02-08(12032) 05 00 03
2012-02-07(12031) 09 08 08
2012-02-06(12030) 06 06 05
2012-02-05(12029) 07 07 09
2012-02-04(12028) 06 08 09
2012-02-03(12027) 00 00 06
2012-02-02(12026) 08 03 03
2012-02-01(12025) 09 09 07
2012-01-31(12024) 03 03 04
2012-01-30(12023) 07 04 01
2012-01-29(12022) 06 04 04
2012-01-21(12021) 01 03 08
2012-01-20(12020) 00 01 09
2012-01-19(12019) 08 05 05
2012-01-18(12018) 04 06 05
2012-01-17(12017) 05 01 05
2012-01-16(12016) 07 06 05
2012-01-15(12015) 02 03 04
2012-01-14(12014) 00 08 05
2012-01-13(12013) 03 04 09
2012-01-12(12012) 04 01 03
2012-01-11(12011) 09 01 04
2012-01-10(12010) 00 03 09
2012-01-09(12009) 03 01 06
2012-01-08(12008) 08 02 04
2012-01-07(12007) 06 08 02
2012-01-06(12006) 03 06 04
2012-01-05(12005) 06 00 09
2012-01-04(12004) 09 08 09
2012-01-03(12003) 01 08 01
2012-01-02(12002) 04 00 09
2012-01-01(12001) 00 00 03
2011-12-31(11358) 07 02 05
2011-12-30(11357) 02 03 09
2011-12-29(11356) 04 07 00
2011-12-28(11355) 05 01 08
2011-12-27(11354) 03 00 01
2011-12-26(11353) 00 06 08
2011-12-25(11352) 01 04 02
2011-12-24(11351) 03 00 00
2011-12-23(11350) 09 02 07
2011-12-22(11349) 00 00 00
2011-12-21(11348) 02 02 07
2011-12-20(11347) 02 09 00
2011-12-19(11346) 04 09 04
2011-12-18(11345) 02 09 06
2011-12-17(11344) 03 06 00
2011-12-16(11343) 09 06 01
2011-12-15(11342) 02 00 04
2011-12-14(11341) 08 07 04
2011-12-13(11340) 09 07 03
2011-12-12(11339) 05 01 04
2011-12-11(11338) 08 08 08
2011-12-10(11337) 03 08 07
2011-12-09(11336) 07 04 07
2011-12-08(11335) 04 03 06
2011-12-07(11334) 08 00 03
2011-12-06(11333) 03 05 02
2011-12-05(11332) 08 09 07
2011-12-04(11331) 09 04 03
2011-12-03(11330) 08 08 08
2011-12-02(11329) 06 04 08
2011-12-01(11328) 08 01 01
2011-11-30(11327) 04 06 05
2011-11-29(11326) 00 09 02
2011-11-28(11325) 00 03 09
2011-11-27(11324) 01 05 06
2011-11-26(11323) 04 07 02
2011-11-25(11322) 03 06 08
2011-11-24(11321) 03 06 05
2011-11-23(11320) 08 07 00
2011-11-22(11319) 03 05 06
2011-11-21(11318) 04 01 03
2011-11-20(11317) 04 09 02
2011-11-19(11316) 05 03 08
2011-11-18(11315) 03 07 04
2011-11-17(11314) 07 08 03
2011-11-16(11313) 04 06 06
2011-11-15(11312) 03 06 05
2011-11-14(11311) 00 09 04
2011-11-13(11310) 08 02 05
2011-11-12(11309) 07 07 03
2011-11-11(11308) 06 06 09
2011-11-10(11307) 09 09 00
2011-11-09(11306) 06 02 06
2011-11-08(11305) 01 01 06
2011-11-07(11304) 03 02 02
2011-11-06(11303) 01 00 07
2011-11-05(11302) 04 09 06
2011-11-04(11301) 06 04 01
2011-11-03(11300) 08 02 02
2011-11-02(11299) 00 00 06
2011-11-01(11298) 00 09 09
2011-10-31(11297) 04 05 08
2011-10-30(11296) 08 03 03
2011-10-29(11295) 03 02 09
2011-10-28(11294) 09 05 09
2011-10-27(11293) 02 05 06
2011-10-26(11292) 03 09 03
2011-10-25(11291) 00 09 03
2011-10-24(11290) 06 00 04
2011-10-23(11289) 05 00 04
2011-10-22(11288) 06 02 09
2011-10-21(11287) 06 07 02
2011-10-20(11286) 02 03 01
2011-10-19(11285) 02 06 04
2011-10-18(11284) 02 00 05
2011-10-17(11283) 09 00 05
2011-10-16(11282) 08 09 03
2011-10-15(11281) 02 01 04
2011-10-14(11280) 08 07 05
2011-10-13(11279) 03 08 02
2011-10-12(11278) 09 05 01
2011-10-11(11277) 03 02 04
2011-10-10(11276) 08 08 00
2011-10-09(11275) 00 05 09
2011-10-08(11274) 03 05 09
2011-10-07(11273) 08 03 02
2011-10-06(11272) 09 04 06
2011-10-05(11271) 00 01 04
2011-10-04(11270) 01 05 05
2011-10-03(11269) 08 07 06
2011-10-02(11268) 03 07 08
2011-10-01(11267) 07 08 06
2011-09-30(11266) 04 09 08
2011-09-29(11265) 04 09 08
2011-09-28(11264) 03 07 09
2011-09-27(11263) 05 00 03
2011-09-26(11262) 09 02 05
2011-09-25(11261) 05 08 07
2011-09-24(11260) 06 05 03
2011-09-23(11259) 08 06 07
2011-09-22(11258) 03 07 00
2011-09-21(11257) 01 06 01
2011-09-20(11256) 09 08 05
2011-09-19(11255) 05 04 06
2011-09-18(11254) 08 05 03
2011-09-17(11253) 06 01 00
2011-09-16(11252) 04 03 02
2011-09-15(11251) 04 03 01
2011-09-14(11250) 03 04 03
2011-09-13(11249) 07 05 06
2011-09-12(11248) 04 04 02
2011-09-11(11247) 04 03 00
2011-09-10(11246) 00 01 04
2011-09-09(11245) 03 01 00
2011-09-08(11244) 09 06 02
2011-09-07(11243) 07 02 01
2011-09-06(11242) 09 06 07
2011-09-05(11241) 06 04 08
2011-09-04(11240) 00 08 06
2011-09-03(11239) 08 08 02
2011-09-02(11238) 00 01 03
2011-09-01(11237) 03 07 02
2011-08-31(11236) 07 03 07
2011-08-30(11235) 03 00 04
2011-08-29(11234) 00 09 03
2011-08-28(11233) 05 06 01
2011-08-27(11232) 09 02 03
2011-08-26(11231) 08 05 03
2011-08-25(11230) 08 07 04
2011-08-24(11229) 01 00 05
2011-08-23(11228) 03 02 04
2011-08-22(11227) 08 02 01
2011-08-21(11226) 06 03 02
2011-08-20(11225) 08 08 06
2011-08-19(11224) 04 07 08
2011-08-18(11223) 06 07 07
2011-08-17(11222) 04 03 05
2011-08-16(11221) 03 06 09
2011-08-15(11220) 06 00 04
2011-08-14(11219) 05 04 07
2011-08-13(11218) 09 00 05
2011-08-12(11217) 06 00 07
2011-08-11(11216) 05 00 06
2011-08-10(11215) 07 09 07
2011-08-09(11214) 02 05 04
2011-08-08(11213) 08 00 06
2011-08-07(11212) 03 03 01
2011-08-06(11211) 03 02 06
2011-08-05(11210) 09 07 06
2011-08-04(11209) 02 08 01
2011-08-03(11208) 06 01 05
2011-08-02(11207) 06 04 08
2011-08-01(11206) 08 05 02
2011-07-31(11205) 06 07 05
2011-07-30(11204) 05 08 07
2011-07-29(11203) 05 08 03
2011-07-28(11202) 06 03 03
2011-07-27(11201) 06 07 09
2011-07-26(11200) 07 06 09
2011-07-25(11199) 00 00 04
2011-07-24(11198) 06 06 08
2011-07-23(11197) 03 01 08
2011-07-22(11196) 07 00 08
2011-07-21(11195) 08 06 01
2011-07-20(11194) 08 08 09
2011-07-19(11193) 07 00 00
2011-07-18(11192) 08 01 02
2011-07-17(11191) 04 01 09
2011-07-16(11190) 01 02 05
2011-07-15(11189) 00 00 03
2011-07-14(11188) 07 06 08
2011-07-13(11187) 08 01 02
2011-07-12(11186) 07 07 05
2011-07-11(11185) 04 05 07
2011-07-10(11184) 00 03 09
2011-07-09(11183) 07 09 03
2011-07-08(11182) 02 06 02
2011-07-07(11181) 05 09 09
2011-07-06(11180) 05 05 03
2011-07-05(11179) 01 02 03
2011-07-04(11178) 01 09 00
2011-07-03(11177) 08 04 03
2011-07-02(11176) 05 07 02
2011-07-01(11175) 09 00 09
2011-06-30(11174) 03 01 00
2011-06-29(11173) 09 01 07
2011-06-28(11172) 02 06 06
2011-06-27(11171) 09 09 01
2011-06-26(11170) 03 05 03
2011-06-25(11169) 05 02 00
2011-06-24(11168) 02 09 07
2011-06-23(11167) 04 06 02
2011-06-22(11166) 08 02 06
2011-06-21(11165) 05 07 08
2011-06-20(11164) 06 08 09
2011-06-19(11163) 03 07 08
2011-06-18(11162) 02 03 09
2011-06-17(11161) 08 01 05
2011-06-16(11160) 07 01 03
2011-06-15(11159) 08 09 06
2011-06-14(11158) 01 00 04
2011-06-13(11157) 04 01 09
2011-06-12(11156) 02 04 01
2011-06-11(11155) 06 05 02
2011-06-10(11154) 07 06 05
2011-06-09(11153) 06 02 09
2011-06-08(11152) 09 07 04
2011-06-07(11151) 09 08 05
2011-06-06(11150) 08 06 05
2011-06-05(11149) 08 08 04
2011-06-04(11148) 05 08 09
2011-06-03(11147) 08 08 07
2011-06-02(11146) 03 07 09
2011-06-01(11145) 01 00 07
2011-05-31(11144) 01 02 04
2011-05-30(11143) 00 05 02
2011-05-29(11142) 08 08 09
2011-05-28(11141) 06 03 09
2011-05-27(11140) 08 00 07
2011-05-26(11139) 05 03 08
2011-05-25(11138) 09 00 07
2011-05-24(11137) 02 04 03
2011-05-23(11136) 03 09 06
2011-05-22(11135) 04 03 07
2011-05-21(11134) 04 01 09
2011-05-20(11133) 04 08 07
2011-05-19(11132) 06 05 02
2011-05-18(11131) 02 03 03
2011-05-17(11130) 00 05 09
2011-05-16(11129) 04 02 00
2011-05-15(11128) 07 03 03
2011-05-14(11127) 05 04 03
2011-05-13(11126) 02 09 09
2011-05-12(11125) 03 02 07
2011-05-11(11124) 07 07 04
2011-05-10(11123) 05 03 05
2011-05-09(11122) 00 03 03
2011-05-08(11121) 06 04 09
2011-05-07(11120) 09 08 03
2011-05-06(11119) 02 09 05
2011-05-05(11118) 00 07 05
2011-05-04(11117) 07 00 04
2011-05-03(11116) 07 04 00
2011-05-02(11115) 03 07 05
2011-05-01(11114) 03 09 08
2011-04-30(11113) 07 03 03
2011-04-29(11112) 00 09 08
2011-04-28(11111) 02 05 02
2011-04-27(11110) 03 05 01
2011-04-26(11109) 02 02 02
2011-04-25(11108) 03 03 00
2011-04-24(11107) 09 02 04
2011-04-23(11106) 06 05 00
2011-04-22(11105) 07 00 00
2011-04-21(11104) 05 08 09
2011-04-20(11103) 04 07 02
2011-04-19(11102) 09 00 09
2011-04-18(11101) 02 07 05
2011-04-17(11100) 02 03 02
2011-04-16(11099) 08 02 09
2011-04-15(11098) 01 08 07
2011-04-14(11097) 06 07 09
2011-04-13(11096) 00 09 07
2011-04-12(11095) 08 04 04
2011-04-11(11094) 01 05 09
2011-04-10(11093) 05 00 00
2011-04-09(11092) 07 04 09
2011-04-08(11091) 02 02 02
2011-04-07(11090) 00 08 07
2011-04-06(11089) 01 02 04
2011-04-05(11088) 06 07 00
2011-04-04(11087) 00 09 02
2011-04-03(11086) 09 04 01
2011-04-02(11085) 09 09 05
2011-04-01(11084) 02 05 02
2011-03-31(11083) 08 03 05
2011-03-30(11082) 01 07 01
2011-03-29(11081) 07 04 08
2011-03-28(11080) 09 04 03
2011-03-27(11079) 08 02 03
2011-03-26(11078) 05 04 04
2011-03-25(11077) 07 08 07
2011-03-24(11076) 06 06 07
2011-03-23(11075) 09 05 03
2011-03-22(11074) 07 08 04
2011-03-21(11073) 00 06 03
2011-03-20(11072) 07 09 09
2011-03-19(11071) 00 07 01
2011-03-18(11070) 08 09 02
2011-03-17(11069) 02 08 05
2011-03-16(11068) 05 00 00
2011-03-15(11067) 04 01 03
2011-03-14(11066) 00 07 09
2011-03-13(11065) 07 02 01
2011-03-12(11064) 06 09 00
2011-03-11(11063) 01 04 01
2011-03-10(11062) 06 02 08
2011-03-09(11061) 04 01 06
2011-03-08(11060) 01 04 04
2011-03-07(11059) 03 09 08
2011-03-06(11058) 06 06 04
2011-03-05(11057) 03 06 06
2011-03-04(11056) 06 00 09
2011-03-03(11055) 08 03 05
2011-03-02(11054) 07 06 00
2011-03-01(11053) 08 03 05
2011-02-28(11052) 05 00 09
2011-02-27(11051) 06 08 04
2011-02-26(11050) 00 06 07
2011-02-25(11049) 04 05 09
2011-02-24(11048) 06 02 01
2011-02-23(11047) 03 06 07
2011-02-22(11046) 09 00 09
2011-02-21(11045) 05 07 09
2011-02-20(11044) 04 01 06
2011-02-19(11043) 02 08 06
2011-02-18(11042) 03 03 07
2011-02-17(11041) 04 04 09
2011-02-16(11040) 01 01 07
2011-02-15(11039) 02 06 00
2011-02-14(11038) 00 01 06
2011-02-13(11037) 07 00 05
2011-02-12(11036) 01 06 03
2011-02-11(11035) 07 04 04
2011-02-10(11034) 04 08 09
2011-02-09(11033) 00 06 02
2011-02-01(11032) 03 04 09
2011-01-31(11031) 08 06 04
2011-01-30(11030) 04 09 03
2011-01-29(11029) 03 06 05
2011-01-28(11028) 01 03 04
2011-01-27(11027) 02 01 02
2011-01-26(11026) 07 09 07
2011-01-25(11025) 03 05 02
2011-01-24(11024) 04 08 07
2011-01-23(11023) 07 04 01
2011-01-22(11022) 00 00 08
2011-01-21(11021) 05 07 08
2011-01-20(11020) 05 07 08
2011-01-19(11019) 03 02 08
2011-01-18(11018) 09 00 03
2011-01-17(11017) 01 08 04
2011-01-16(11016) 08 01 06
2011-01-15(11015) 07 01 07
2011-01-14(11014) 08 01 00
2011-01-13(11013) 01 08 07
2011-01-12(11012) 06 08 07
2011-01-11(11011) 05 00 02
2011-01-10(11010) 09 01 07
2011-01-09(11009) 01 05 06
2011-01-08(11008) 05 03 04
2011-01-07(11007) 08 08 04
2011-01-06(11006) 03 05 09
2011-01-05(11005) 04 09 01
2011-01-04(11004) 05 05 00
2011-01-03(11003) 09 03 03
2011-01-02(11002) 06 07 06
2011-01-01(11001) 09 02 08
2010-12-31(10358) 03 01 01
2010-12-30(10357) 01 07 01
2010-12-29(10356) 08 06 08
2010-12-28(10355) 05 04 05
2010-12-27(10354) 01 06 07
2010-12-26(10353) 01 06 09
2010-12-25(10352) 01 01 02
2010-12-24(10351) 05 07 02
2010-12-23(10350) 08 09 00
2010-12-22(10349) 06 07 00
2010-12-21(10348) 04 08 04
2010-12-20(10347) 03 02 02
2010-12-19(10346) 03 08 03
2010-12-18(10345) 07 04 01
2010-12-17(10344) 03 03 02
2010-12-16(10343) 01 06 08
2010-12-15(10342) 03 07 06
2010-12-14(10341) 09 04 03
2010-12-13(10340) 00 09 04
2010-12-12(10339) 05 09 09
2010-12-11(10338) 07 05 04
2010-12-10(10337) 08 09 05
2010-12-09(10336) 08 07 08
2010-12-08(10335) 06 05 05
2010-12-07(10334) 03 05 04
2010-12-06(10333) 08 06 07
2010-12-05(10332) 04 02 04
2010-12-04(10331) 04 04 03
2010-12-03(10330) 06 08 01
2010-12-02(10329) 03 06 06
2010-12-01(10328) 08 05 03
2010-11-30(10327) 03 07 06
2010-11-29(10326) 01 05 09
2010-11-28(10325) 08 04 06
2010-11-27(10324) 01 02 07
2010-11-26(10323) 04 07 04
2010-11-25(10322) 08 04 00
2010-11-24(10321) 00 02 07
2010-11-23(10320) 02 08 03
2010-11-22(10319) 07 03 03
2010-11-21(10318) 04 05 04
2010-11-20(10317) 01 08 02
2010-11-19(10316) 03 02 09
2010-11-18(10315) 00 05 05
2010-11-17(10314) 06 07 05
2010-11-16(10313) 08 07 08
2010-11-15(10312) 01 03 08
2010-11-14(10311) 05 09 08
2010-11-13(10310) 03 08 07
2010-11-12(10309) 00 02 06
2010-11-11(10308) 02 03 02
2010-11-10(10307) 02 01 09
2010-11-09(10306) 04 00 05
2010-11-08(10305) 09 03 07
2010-11-07(10304) 03 03 02
2010-11-06(10303) 00 07 00
2010-11-05(10302) 00 09 01
2010-11-04(10301) 03 05 06
2010-11-03(10300) 05 09 06
2010-11-02(10299) 02 02 05
2010-11-01(10298) 07 08 06
2010-10-31(10297) 05 02 00
2010-10-30(10296) 04 04 08
2010-10-29(10295) 02 03 08
2010-10-28(10294) 00 04 00
2010-10-27(10293) 01 02 09
2010-10-26(10292) 01 02 02
2010-10-25(10291) 01 05 00
2010-10-24(10290) 03 09 09
2010-10-23(10289) 01 03 04
2010-10-22(10288) 04 06 00
2010-10-21(10287) 01 06 07
2010-10-20(10286) 09 06 00
2010-10-19(10285) 07 04 07
2010-10-18(10284) 02 01 00
2010-10-17(10283) 00 04 07
2010-10-16(10282) 05 03 08
2010-10-15(10281) 02 07 03
2010-10-14(10280) 01 05 02
2010-10-13(10279) 06 08 05
2010-10-12(10278) 01 08 08
2010-10-11(10277) 06 02 03
2010-10-10(10276) 02 08 00
2010-10-09(10275) 06 08 00
2010-10-08(10274) 04 01 01
2010-10-07(10273) 07 07 02
2010-10-06(10272) 06 07 00
2010-10-05(10271) 05 02 01
2010-10-04(10270) 01 01 07
2010-10-03(10269) 01 06 03
2010-10-02(10268) 05 09 03
2010-10-01(10267) 07 00 03
2010-09-30(10266) 02 03 05
2010-09-29(10265) 08 04 06
2010-09-28(10264) 04 04 05
2010-09-27(10263) 04 02 05
2010-09-26(10262) 01 08 05
2010-09-25(10261) 03 03 03
2010-09-24(10260) 08 08 01
2010-09-23(10259) 02 04 03
2010-09-22(10258) 09 05 08
2010-09-21(10257) 09 06 09
2010-09-20(10256) 01 07 09
2010-09-19(10255) 09 07 01
2010-09-18(10254) 03 05 08
2010-09-17(10253) 06 07 05
2010-09-16(10252) 02 09 09
2010-09-15(10251) 06 09 08
2010-09-14(10250) 00 08 02
2010-09-13(10249) 06 09 05
2010-09-12(10248) 02 00 04
2010-09-11(10247) 08 08 05
2010-09-10(10246) 05 03 00
2010-09-09(10245) 04 08 04
2010-09-08(10244) 04 08 02
2010-09-07(10243) 04 08 08
2010-09-06(10242) 00 09 05
2010-09-05(10241) 02 05 01
2010-09-04(10240) 03 03 01
2010-09-03(10239) 04 01 04
2010-09-02(10238) 06 08 07
2010-09-01(10237) 09 00 03
2010-08-31(10236) 01 07 03
2010-08-30(10235) 03 00 00
2010-08-29(10234) 03 07 09
2010-08-28(10233) 05 03 04
2010-08-27(10232) 01 09 05
2010-08-26(10231) 00 06 06
2010-08-25(10230) 08 05 04
2010-08-24(10229) 06 07 06
2010-08-23(10228) 09 04 07
2010-08-22(10227) 02 03 09
2010-08-21(10226) 05 00 04
2010-08-20(10225) 09 09 07
2010-08-19(10224) 06 07 04
2010-08-18(10223) 05 07 04
2010-08-17(10222) 01 04 00
2010-08-16(10221) 06 08 03
2010-08-15(10220) 02 09 05
2010-08-14(10219) 06 08 05
2010-08-13(10218) 02 04 05
2010-08-12(10217) 08 09 03
2010-08-11(10216) 08 02 04
2010-08-10(10215) 06 06 07
2010-08-09(10214) 01 02 04
2010-08-08(10213) 03 09 01
2010-08-07(10212) 07 08 05
2010-08-06(10211) 09 03 02
2010-08-05(10210) 08 00 09
2010-08-04(10209) 00 08 01
2010-08-03(10208) 04 06 07
2010-08-02(10207) 08 02 08
2010-08-01(10206) 03 05 03
2010-07-31(10205) 00 04 07
2010-07-30(10204) 00 03 06
2010-07-29(10203) 01 00 06
2010-07-28(10202) 00 05 03
2010-07-27(10201) 01 08 00
2010-07-26(10200) 02 00 06
2010-07-25(10199) 09 08 08
2010-07-24(10198) 04 06 06
2010-07-23(10197) 07 07 08
2010-07-22(10196) 00 05 02
2010-07-21(10195) 08 00 04
2010-07-20(10194) 01 04 08
2010-07-19(10193) 01 01 01
2010-07-18(10192) 06 01 03
2010-07-17(10191) 03 05 03
2010-07-16(10190) 07 05 07
2010-07-15(10189) 09 01 08
2010-07-14(10188) 06 08 01
2010-07-13(10187) 04 01 05
2010-07-12(10186) 02 08 04
2010-07-11(10185) 01 03 05
2010-07-10(10184) 08 02 00
2010-07-09(10183) 03 03 07
2010-07-08(10182) 09 04 07
2010-07-07(10181) 08 00 06
2010-07-06(10180) 00 08 08
2010-07-05(10179) 05 01 09
2010-07-04(10178) 03 05 06
2010-07-03(10177) 01 09 04
2010-07-02(10176) 07 07 00
2010-07-01(10175) 05 06 09
2010-06-30(10174) 08 04 01
2010-06-29(10173) 04 00 06
2010-06-28(10172) 02 03 09
2010-06-27(10171) 08 00 08
2010-06-26(10170) 07 03 09
2010-06-25(10169) 08 04 04
2010-06-24(10168) 06 07 07
2010-06-23(10167) 00 09 04
2010-06-22(10166) 07 08 06
2010-06-21(10165) 08 04 02
2010-06-20(10164) 06 08 04
2010-06-19(10163) 01 03 04
2010-06-18(10162) 00 01 03
2010-06-17(10161) 06 03 07
2010-06-16(10160) 08 07 08
2010-06-15(10159) 06 04 04
2010-06-14(10158) 04 08 00
2010-06-13(10157) 07 00 08
2010-06-12(10156) 01 03 08
2010-06-11(10155) 03 03 01
2010-06-10(10154) 00 06 09
2010-06-09(10153) 00 00 06
2010-06-08(10152) 09 09 07
2010-06-07(10151) 03 00 09
2010-06-06(10150) 01 00 01
2010-06-05(10149) 09 06 04
2010-06-04(10148) 02 07 08
2010-06-03(10147) 00 00 06
2010-06-02(10146) 08 01 04
2010-06-01(10145) 09 03 04
2010-05-31(10144) 08 06 06
2010-05-30(10143) 03 07 00
2010-05-29(10142) 02 06 01
2010-05-28(10141) 08 03 01
2010-05-27(10140) 06 03 04
2010-05-26(10139) 00 04 05
2010-05-25(10138) 07 02 08
2010-05-24(10137) 07 07 06
2010-05-23(10136) 09 02 06
2010-05-22(10135) 04 00 09
2010-05-21(10134) 03 05 08
2010-05-20(10133) 03 04 03
2010-05-19(10132) 05 04 05
2010-05-18(10131) 03 03 06
2010-05-17(10130) 03 09 05
2010-05-16(10129) 01 00 01
2010-05-15(10128) 09 01 03
2010-05-14(10127) 02 07 07
2010-05-13(10126) 04 08 03
2010-05-12(10125) 04 08 08
2010-05-11(10124) 04 07 03
2010-05-10(10123) 02 06 01
2010-05-09(10122) 08 03 02
2010-05-08(10121) 08 02 09
2010-05-07(10120) 02 01 09
2010-05-06(10119) 03 03 02
2010-05-05(10118) 09 06 08
2010-05-04(10117) 05 06 05
2010-05-03(10116) 05 00 03
2010-05-02(10115) 02 02 01
2010-05-01(10114) 01 03 00
2010-04-30(10113) 03 04 02
2010-04-29(10112) 03 07 07
2010-04-28(10111) 08 07 01
2010-04-27(10110) 08 01 03
2010-04-26(10109) 07 07 06
2010-04-25(10108) 01 03 00
2010-04-24(10107) 00 05 03
2010-04-23(10106) 06 09 07
2010-04-22(10105) 02 08 04
2010-04-21(10104) 02 04 04
2010-04-20(10103) 08 01 02
2010-04-19(10102) 08 08 08
2010-04-18(10101) 01 04 03
2010-04-17(10100) 07 01 08
2010-04-16(10099) 01 06 08
2010-04-15(10098) 09 03 06
2010-04-14(10097) 01 04 06
2010-04-13(10096) 00 05 09
2010-04-12(10095) 04 07 00
2010-04-11(10094) 09 05 08
2010-04-10(10093) 09 07 04
2010-04-09(10092) 03 00 05
2010-04-08(10091) 00 07 00
2010-04-07(10090) 05 09 00
2010-04-06(10089) 02 04 01
2010-04-05(10088) 06 00 08
2010-04-04(10087) 08 01 04
2010-04-03(10086) 09 06 08
2010-04-02(10085) 02 09 06
2010-04-01(10084) 09 02 02
2010-03-31(10083) 04 06 08
2010-03-30(10082) 05 00 08
2010-03-29(10081) 05 09 08
2010-03-28(10080) 02 06 04
2010-03-27(10079) 09 05 07
2010-03-26(10078) 00 04 09
2010-03-25(10077) 09 09 02
2010-03-24(10076) 02 07 01
2010-03-23(10075) 08 05 04
2010-03-22(10074) 03 04 09
2010-03-21(10073) 05 05 05
2010-03-20(10072) 09 07 00
2010-03-19(10071) 05 07 08
2010-03-18(10070) 06 06 09
2010-03-17(10069) 08 05 01
2010-03-16(10068) 05 09 07
2010-03-15(10067) 05 08 08
2010-03-14(10066) 03 06 00
2010-03-13(10065) 02 00 08
2010-03-12(10064) 02 06 08
2010-03-11(10063) 08 04 04
2010-03-10(10062) 01 04 06
2010-03-09(10061) 06 00 09
2010-03-08(10060) 05 07 00
2010-03-07(10059) 06 02 07
2010-03-06(10058) 04 01 01
2010-03-05(10057) 03 07 04
2010-03-04(10056) 05 03 04
2010-03-03(10055) 02 03 00
2010-03-02(10054) 07 09 06
2010-03-01(10053) 05 04 08
2010-02-28(10052) 02 00 04
2010-02-27(10051) 07 03 04
2010-02-26(10050) 07 03 05
2010-02-25(10049) 02 05 09
2010-02-24(10048) 01 02 01
2010-02-23(10047) 04 00 00
2010-02-22(10046) 09 06 01
2010-02-21(10045) 03 06 08
2010-02-20(10044) 04 01 05
2010-02-12(10043) 04 00 08
2010-02-11(10042) 06 00 01
2010-02-10(10041) 02 03 06
2010-02-09(10040) 04 00 01
2010-02-08(10039) 05 01 01
2010-02-07(10038) 05 09 06
2010-02-06(10037) 07 07 08
2010-02-05(10036) 05 06 08
2010-02-04(10035) 03 04 09
2010-02-03(10034) 05 06 09
2010-02-02(10033) 06 06 08
2010-02-01(10032) 00 09 03
2010-01-31(10031) 00 01 05
2010-01-30(10030) 08 00 02
2010-01-29(10029) 05 05 00
2010-01-28(10028) 08 09 04
2010-01-27(10027) 05 00 00
2010-01-26(10026) 06 08 05
2010-01-25(10025) 07 04 06
2010-01-24(10024) 08 03 07
2010-01-23(10023) 04 05 01
2010-01-22(10022) 05 07 00
2010-01-21(10021) 00 08 04
2010-01-20(10020) 01 07 00
2010-01-19(10019) 01 08 04
2010-01-18(10018) 04 03 06
2010-01-17(10017) 03 08 03
2010-01-16(10016) 01 00 08
2010-01-15(10015) 09 05 06
2010-01-14(10014) 03 09 04
2010-01-13(10013) 09 03 07
2010-01-12(10012) 00 08 00
2010-01-11(10011) 04 02 00
2010-01-10(10010) 09 02 09
2010-01-09(10009) 00 03 07
2010-01-08(10008) 06 04 05
2010-01-07(10007) 04 02 05
2010-01-06(10006) 05 02 07
2010-01-05(10005) 03 08 07
2010-01-04(10004) 02 03 02
2010-01-03(10003) 09 01 05
2010-01-02(10002) 09 08 01
2010-01-01(10001) 03 02 07
2009-12-31(09358) 08 02 03
2009-12-30(09357) 02 05 05
2009-12-29(09356) 07 08 04
2009-12-28(09355) 04 04 02
2009-12-27(09354) 00 07 05
2009-12-26(09353) 06 06 07
2009-12-25(09352) 06 02 02
2009-12-24(09351) 01 05 09
2009-12-23(09350) 03 03 05
2009-12-22(09349) 03 00 07
2009-12-21(09348) 08 02 07
2009-12-20(09347) 02 00 03
2009-12-19(09346) 01 05 01
2009-12-18(09345) 03 07 05
2009-12-17(09344) 05 03 01
2009-12-16(09343) 08 03 07
2009-12-15(09342) 07 08 02
2009-12-14(09341) 09 03 09
2009-12-13(09340) 06 08 00
2009-12-12(09339) 05 02 00
2009-12-11(09338) 09 07 00
2009-12-10(09337) 09 08 06
2009-12-09(09336) 08 03 02
2009-12-08(09335) 04 00 07
2009-12-07(09334) 04 08 00
2009-12-06(09333) 05 09 02
2009-12-05(09332) 00 05 01
2009-12-04(09331) 09 04 05
2009-12-03(09330) 06 07 04
2009-12-02(09329) 05 02 04
2009-12-01(09328) 04 01 07
2009-11-30(09327) 07 08 05
2009-11-29(09326) 06 00 00
2009-11-28(09325) 04 05 05
2009-11-27(09324) 02 07 08
2009-11-26(09323) 01 02 01
2009-11-25(09322) 02 02 06
2009-11-24(09321) 05 09 08
2009-11-23(09320) 06 08 06
2009-11-22(09319) 05 03 01
2009-11-21(09318) 08 02 07
2009-11-20(09317) 02 09 04
2009-11-19(09316) 04 08 09
2009-11-18(09315) 00 05 09
2009-11-17(09314) 08 08 00
2009-11-16(09313) 09 03 01
2009-11-15(09312) 03 03 02
2009-11-14(09311) 01 09 09
2009-11-13(09310) 04 07 07
2009-11-12(09309) 05 09 05
2009-11-11(09308) 01 00 08
2009-11-10(09307) 03 09 04
2009-11-09(09306) 05 04 07
2009-11-08(09305) 04 08 07
2009-11-07(09304) 05 02 06
2009-11-06(09303) 07 03 09
2009-11-05(09302) 06 01 07
2009-11-04(09301) 02 02 04
2009-11-03(09300) 07 05 04
2009-11-02(09299) 05 03 05
2009-11-01(09298) 05 06 06
2009-10-31(09297) 02 03 00
2009-10-30(09296) 06 04 06
2009-10-29(09295) 08 00 00
2009-10-28(09294) 02 07 08
2009-10-27(09293) 09 00 06
2009-10-26(09292) 09 06 06
2009-10-25(09291) 08 03 00
2009-10-24(09290) 01 03 09
2009-10-23(09289) 07 03 09
2009-10-22(09288) 02 00 01
2009-10-21(09287) 09 07 01
2009-10-20(09286) 01 08 04
2009-10-19(09285) 03 06 03
2009-10-18(09284) 04 08 08
2009-10-17(09283) 05 06 02
2009-10-16(09282) 02 04 01
2009-10-15(09281) 08 01 09
2009-10-14(09280) 04 00 04
2009-10-13(09279) 06 03 01
2009-10-12(09278) 00 08 09
2009-10-11(09277) 01 07 06
2009-10-10(09276) 05 02 01
2009-10-09(09275) 07 03 02
2009-10-08(09274) 00 07 02
2009-10-07(09273) 03 02 09
2009-10-06(09272) 06 03 01
2009-10-05(09271) 06 09 08
2009-10-04(09270) 04 07 05
2009-10-03(09269) 06 04 02
2009-10-02(09268) 00 07 03
2009-10-01(09267) 05 04 05
2009-09-30(09266) 00 08 09
2009-09-29(09265) 07 07 09
2009-09-28(09264) 03 03 02
2009-09-27(09263) 00 05 00
2009-09-26(09262) 05 02 01
2009-09-25(09261) 08 00 08
2009-09-24(09260) 08 06 01
2009-09-23(09259) 05 04 04
2009-09-22(09258) 02 00 06
2009-09-21(09257) 09 00 05
2009-09-20(09256) 08 07 07
2009-09-19(09255) 03 01 06
2009-09-18(09254) 03 01 09
2009-09-17(09253) 00 09 08
2009-09-16(09252) 09 09 00
2009-09-15(09251) 04 01 09
2009-09-14(09250) 03 06 02
2009-09-13(09249) 08 09 04
2009-09-12(09248) 02 00 04
2009-09-11(09247) 01 05 09
2009-09-10(09246) 02 02 00
2009-09-09(09245) 01 05 03
2009-09-08(09244) 06 04 07
2009-09-07(09243) 09 00 03
2009-09-06(09242) 08 08 04
2009-09-05(09241) 09 08 02
2009-09-04(09240) 03 07 08
2009-09-03(09239) 07 06 05
2009-09-02(09238) 03 06 02
2009-09-01(09237) 04 08 09
2009-08-31(09236) 04 05 01
2009-08-30(09235) 07 00 08
2009-08-29(09234) 07 03 04
2009-08-28(09233) 07 03 08
2009-08-27(09232) 05 04 08
2009-08-26(09231) 09 04 07
2009-08-25(09230) 03 02 03
2009-08-24(09229) 09 01 03
2009-08-23(09228) 06 00 08
2009-08-22(09227) 00 08 07
2009-08-21(09226) 04 06 08
2009-08-20(09225) 04 04 07
2009-08-19(09224) 09 06 07
2009-08-18(09223) 02 00 02
2009-08-17(09222) 05 05 07
2009-08-16(09221) 08 02 02
2009-08-15(09220) 04 01 06
2009-08-14(09219) 05 03 04
2009-08-13(09218) 08 04 08
2009-08-12(09217) 09 09 00
2009-08-11(09216) 01 08 03
2009-08-10(09215) 08 07 03
2009-08-09(09214) 05 00 02
2009-08-08(09213) 06 04 01
2009-08-07(09212) 04 08 02
2009-08-06(09211) 04 01 05
2009-08-05(09210) 00 01 03
2009-08-04(09209) 03 07 06
2009-08-03(09208) 02 05 06
2009-08-02(09207) 05 05 00
2009-08-01(09206) 03 06 00
2009-07-31(09205) 05 08 03
2009-07-30(09204) 01 02 09
2009-07-29(09203) 03 00 06
2009-07-28(09202) 02 00 04
2009-07-27(09201) 00 01 05
2009-07-26(09200) 07 01 01
2009-07-25(09199) 03 07 02
2009-07-24(09198) 03 05 01
2009-07-23(09197) 09 04 01
2009-07-22(09196) 04 03 09
2009-07-21(09195) 01 04 07
2009-07-20(09194) 05 06 01
2009-07-19(09193) 04 02 07
2009-07-18(09192) 09 03 07
2009-07-17(09191) 03 02 00
2009-07-16(09190) 04 05 01
2009-07-15(09189) 05 07 04
2009-07-14(09188) 08 05 03
2009-07-13(09187) 06 02 08
2009-07-12(09186) 07 06 07
2009-07-11(09185) 09 00 06
2009-07-10(09184) 09 00 05
2009-07-09(09183) 07 05 09
2009-07-08(09182) 08 09 08
2009-07-07(09181) 00 06 09
2009-07-06(09180) 09 00 06
2009-07-05(09179) 06 03 04
2009-07-04(09178) 09 09 03
2009-07-03(09177) 02 02 00
2009-07-02(09176) 05 01 02
2009-07-01(09175) 02 00 00
2009-06-30(09174) 06 08 05
2009-06-29(09173) 08 01 08
2009-06-28(09172) 09 04 00
2009-06-27(09171) 08 01 04
2009-06-26(09170) 05 04 05
2009-06-25(09169) 03 07 05
2009-06-24(09168) 01 00 08
2009-06-23(09167) 05 02 06
2009-06-22(09166) 09 03 02
2009-06-21(09165) 01 06 08
2009-06-20(09164) 05 05 02
2009-06-19(09163) 01 02 00
2009-06-18(09162) 06 07 04
2009-06-17(09161) 01 08 06
2009-06-16(09160) 06 02 02
2009-06-15(09159) 03 08 00
2009-06-14(09158) 01 04 08
2009-06-13(09157) 00 06 00
2009-06-12(09156) 09 00 06
2009-06-11(09155) 02 00 06
2009-06-10(09154) 03 02 05
2009-06-09(09153) 06 09 08
2009-06-08(09152) 06 03 08
2009-06-07(09151) 04 09 06
2009-06-06(09150) 00 00 04
2009-06-05(09149) 06 02 03
2009-06-04(09148) 03 04 01
2009-06-03(09147) 07 04 01
2009-06-02(09146) 01 08 03
2009-06-01(09145) 01 08 00
2009-05-31(09144) 09 07 03
2009-05-30(09143) 06 01 06
2009-05-29(09142) 01 04 07
2009-05-28(09141) 06 00 06
2009-05-27(09140) 02 08 01
2009-05-26(09139) 04 02 09
2009-05-25(09138) 06 03 03
2009-05-24(09137) 03 01 07
2009-05-23(09136) 07 08 05
2009-05-22(09135) 02 00 05
2009-05-21(09134) 04 04 00
2009-05-20(09133) 07 05 00
2009-05-19(09132) 09 09 00
2009-05-18(09131) 07 05 07
2009-05-17(09130) 00 06 02
2009-05-16(09129) 07 01 07
2009-05-15(09128) 05 01 05
2009-05-14(09127) 09 09 08
2009-05-13(09126) 03 00 06
2009-05-12(09125) 06 03 01
2009-05-11(09124) 09 04 05
2009-05-10(09123) 00 07 09
2009-05-09(09122) 03 05 05
2009-05-08(09121) 08 08 00
2009-05-07(09120) 01 00 07
2009-05-06(09119) 09 06 01
2009-05-05(09118) 07 06 03
2009-05-04(09117) 01 09 08
2009-05-03(09116) 03 03 00
2009-05-02(09115) 07 09 02
2009-05-01(09114) 03 00 01
2009-04-30(09113) 01 07 04
2009-04-29(09112) 04 02 02
2009-04-28(09111) 06 07 02
2009-04-27(09110) 09 04 04
2009-04-26(09109) 02 04 00
2009-04-25(09108) 04 00 08
2009-04-24(09107) 00 04 06
2009-04-23(09106) 02 00 03
2009-04-22(09105) 09 05 06
2009-04-21(09104) 04 07 03
2009-04-20(09103) 03 09 03
2009-04-19(09102) 08 09 02
2009-04-18(09101) 03 07 00
2009-04-17(09100) 03 03 05
2009-04-16(09099) 07 06 02
2009-04-15(09098) 08 06 07
2009-04-14(09097) 05 09 01
2009-04-13(09096) 03 05 01
2009-04-12(09095) 03 00 01
2009-04-11(09094) 07 09 09
2009-04-10(09093) 08 08 00
2009-04-09(09092) 09 02 00
2009-04-08(09091) 06 01 02
2009-04-07(09090) 02 01 04
2009-04-06(09089) 07 08 04
2009-04-05(09088) 08 00 09
2009-04-04(09087) 05 00 00
2009-04-03(09086) 08 00 06
2009-04-02(09085) 01 09 08
2009-04-01(09084) 05 07 08
2009-03-31(09083) 05 00 09
2009-03-30(09082) 00 03 08
2009-03-29(09081) 02 08 03
2009-03-28(09080) 07 09 09
2009-03-27(09079) 03 02 08
2009-03-26(09078) 04 09 03
2009-03-25(09077) 08 05 06
2009-03-24(09076) 03 07 06
2009-03-23(09075) 05 02 08
2009-03-22(09074) 01 06 01
2009-03-21(09073) 05 04 07
2009-03-20(09072) 04 07 09
2009-03-19(09071) 05 00 02
2009-03-18(09070) 08 04 03
2009-03-17(09069) 03 02 00
2009-03-16(09068) 04 01 05
2009-03-15(09067) 06 09 00
2009-03-14(09066) 04 07 01
2009-03-13(09065) 04 05 05
2009-03-12(09064) 04 06 06
2009-03-11(09063) 01 05 09
2009-03-10(09062) 06 07 05
2009-03-09(09061) 08 00 04
2009-03-08(09060) 04 01 01
2009-03-07(09059) 02 01 00
2009-03-06(09058) 04 03 07
2009-03-05(09057) 03 08 01
2009-03-04(09056) 07 09 07
2009-03-03(09055) 00 04 05
2009-03-02(09054) 05 04 09
2009-03-01(09053) 06 02 02
2009-02-28(09052) 09 02 06
2009-02-27(09051) 01 00 08
2009-02-26(09050) 06 09 08
2009-02-25(09049) 03 07 03
2009-02-24(09048) 01 03 06
2009-02-23(09047) 07 01 03
2009-02-22(09046) 08 00 02
2009-02-21(09045) 07 07 04
2009-02-20(09044) 07 03 03
2009-02-19(09043) 06 02 06
2009-02-18(09042) 03 01 03
2009-02-17(09041) 06 07 09
2009-02-16(09040) 07 03 06
2009-02-15(09039) 08 04 05
2009-02-14(09038) 06 03 05
2009-02-13(09037) 09 00 04
2009-02-12(09036) 00 03 02
2009-02-11(09035) 08 01 04
2009-02-10(09034) 02 03 05
2009-02-09(09033) 04 07 02
2009-02-08(09032) 09 08 01
2009-02-07(09031) 05 04 03
2009-02-06(09030) 01 00 03
2009-02-05(09029) 04 07 00
2009-02-04(09028) 03 03 05
2009-02-03(09027) 05 08 05
2009-02-02(09026) 06 06 09
2009-02-01(09025) 02 07 08
2009-01-24(09024) 05 01 08
2009-01-23(09023) 06 06 02
2009-01-22(09022) 09 01 04
2009-01-21(09021) 07 00 00
2009-01-20(09020) 04 06 01
2009-01-19(09019) 08 03 00
2009-01-18(09018) 08 08 06
2009-01-17(09017) 03 05 05
2009-01-16(09016) 09 07 07
2009-01-15(09015) 02 07 01
2009-01-14(09014) 02 09 09
2009-01-13(09013) 05 05 01
2009-01-12(09012) 09 06 01
2009-01-11(09011) 06 05 06
2009-01-10(09010) 08 06 02
2009-01-09(09009) 06 06 09
2009-01-08(09008) 02 04 03
2009-01-07(09007) 03 04 01
2009-01-06(09006) 06 05 09
2009-01-05(09005) 05 02 01
2009-01-04(09004) 05 00 02
2009-01-03(09003) 04 08 08
2009-01-02(09002) 06 01 04
2009-01-01(09001) 03 02 05
2008-12-31(08359) 02 01 00
2008-12-30(08358) 06 09 04
2008-12-29(08357) 02 08 03
2008-12-28(08356) 07 01 05
2008-12-27(08355) 04 08 07
2008-12-26(08354) 04 07 04
2008-12-25(08353) 03 07 05
2008-12-24(08352) 05 07 05
2008-12-23(08351) 01 06 03
2008-12-22(08350) 05 05 09
2008-12-21(08349) 00 08 03
2008-12-20(08348) 04 01 03
2008-12-19(08347) 07 09 00
2008-12-18(08346) 05 05 09
2008-12-17(08345) 09 02 03
2008-12-16(08344) 00 07 00
2008-12-15(08343) 06 01 04
2008-12-14(08342) 00 00 01
2008-12-13(08341) 03 05 01
2008-12-12(08340) 05 06 08
2008-12-11(08339) 04 05 02
2008-12-10(08338) 09 09 09
2008-12-09(08337) 00 01 07
2008-12-08(08336) 02 09 08
2008-12-07(08335) 06 02 08
2008-12-06(08334) 00 07 08
2008-12-05(08333) 08 08 05
2008-12-04(08332) 09 00 00
2008-12-03(08331) 03 07 06
2008-12-02(08330) 01 07 08
2008-12-01(08329) 04 02 02
2008-11-30(08328) 02 00 05
2008-11-29(08327) 05 05 03
2008-11-28(08326) 08 00 07
2008-11-27(08325) 00 08 07
2008-11-26(08324) 05 04 09
2008-11-25(08323) 04 06 01
2008-11-24(08322) 02 03 05
2008-11-23(08321) 09 09 01
2008-11-22(08320) 07 04 03
2008-11-21(08319) 08 08 01
2008-11-20(08318) 08 00 03
2008-11-19(08317) 03 08 01
2008-11-18(08316) 08 04 05
2008-11-17(08315) 08 08 07
2008-11-16(08314) 04 04 07
2008-11-15(08313) 09 07 01
2008-11-14(08312) 06 03 06
2008-11-13(08311) 00 07 01
2008-11-12(08310) 07 09 03
2008-11-11(08309) 02 05 00
2008-11-10(08308) 07 04 06
2008-11-09(08307) 04 05 03
2008-11-08(08306) 04 08 09
2008-11-07(08305) 00 01 00
2008-11-06(08304) 09 07 06
2008-11-05(08303) 03 09 03
2008-11-04(08302) 09 00 07
2008-11-03(08301) 00 02 00
2008-11-02(08300) 06 08 08
2008-11-01(08299) 00 07 08
2008-10-31(08298) 07 02 06
2008-10-30(08297) 09 04 01
2008-10-29(08296) 07 06 06
2008-10-28(08295) 09 04 04
2008-10-27(08294) 00 09 07
2008-10-26(08293) 00 09 09
2008-10-25(08292) 08 04 05
2008-10-24(08291) 04 09 07
2008-10-23(08290) 03 03 06
2008-10-22(08289) 01 04 01
2008-10-21(08288) 04 03 02
2008-10-20(08287) 06 07 01
2008-10-19(08286) 05 01 09
2008-10-18(08285) 03 04 03
2008-10-17(08284) 08 05 04
2008-10-16(08283) 08 00 06
2008-10-15(08282) 01 05 00
2008-10-14(08281) 02 01 02
2008-10-13(08280) 06 05 09
2008-10-12(08279) 08 09 04
2008-10-11(08278) 07 09 03
2008-10-10(08277) 06 02 01
2008-10-09(08276) 00 02 07
2008-10-08(08275) 01 02 02
2008-10-07(08274) 00 02 07
2008-10-06(08273) 00 07 07
2008-10-05(08272) 09 03 09
2008-10-04(08271) 03 05 00
2008-10-03(08270) 00 04 04
2008-10-02(08269) 01 01 09
2008-10-01(08268) 05 09 05
2008-09-30(08267) 08 05 01
2008-09-29(08266) 09 03 07
2008-09-28(08265) 07 02 08
2008-09-27(08264) 05 03 03
2008-09-26(08263) 00 04 00
2008-09-25(08262) 05 08 09
2008-09-24(08261) 00 01 00
2008-09-23(08260) 02 07 06
2008-09-22(08259) 05 08 05
2008-09-21(08258) 08 02 06
2008-09-20(08257) 07 05 07
2008-09-19(08256) 09 02 05
2008-09-18(08255) 04 07 08
2008-09-17(08254) 04 03 00
2008-09-16(08253) 02 00 05
2008-09-15(08252) 05 01 08
2008-09-14(08251) 05 09 06
2008-09-13(08250) 01 08 00
2008-09-12(08249) 01 05 07
2008-09-11(08248) 02 05 01
2008-09-10(08247) 03 06 00
2008-09-09(08246) 07 01 06
2008-09-08(08245) 07 07 00
2008-09-07(08244) 02 01 03
2008-09-06(08243) 09 03 09
2008-09-05(08242) 03 08 04
2008-09-04(08241) 05 06 09
2008-09-03(08240) 03 00 00
2008-09-02(08239) 04 04 03
2008-09-01(08238) 02 05 09
2008-08-31(08237) 01 01 04
2008-08-30(08236) 07 09 06
2008-08-29(08235) 03 07 02
2008-08-28(08234) 08 00 00
2008-08-27(08233) 00 02 06
2008-08-26(08232) 08 04 00
2008-08-25(08231) 06 03 05
2008-08-24(08230) 06 03 02
2008-08-23(08229) 01 09 04
2008-08-22(08228) 07 05 09
2008-08-21(08227) 05 08 07
2008-08-20(08226) 09 08 02
2008-08-19(08225) 03 05 04
2008-08-18(08224) 06 03 02
2008-08-17(08223) 09 09 06
2008-08-16(08222) 01 00 08
2008-08-15(08221) 03 09 08
2008-08-14(08220) 04 08 04
2008-08-13(08219) 04 09 02
2008-08-12(08218) 01 06 01
2008-08-11(08217) 00 05 04
2008-08-10(08216) 09 03 08
2008-08-09(08215) 07 03 05
2008-08-08(08214) 01 04 04
2008-08-07(08213) 08 06 00
2008-08-06(08212) 08 09 04
2008-08-05(08211) 01 09 04
2008-08-04(08210) 00 00 03
2008-08-03(08209) 06 01 09
2008-08-02(08208) 03 05 06
2008-08-01(08207) 00 06 00
2008-07-31(08206) 04 08 00
2008-07-30(08205) 00 05 06
2008-07-29(08204) 06 07 06
2008-07-28(08203) 07 09 09
2008-07-27(08202) 01 09 08
2008-07-26(08201) 07 04 03
2008-07-25(08200) 02 00 04
2008-07-24(08199) 04 08 01
2008-07-23(08198) 00 06 08
2008-07-22(08197) 03 05 07
2008-07-21(08196) 08 06 01
2008-07-20(08195) 02 08 02
2008-07-19(08194) 03 01 02
2008-07-18(08193) 06 00 08
2008-07-17(08192) 08 06 07
2008-07-16(08191) 01 03 04
2008-07-15(08190) 08 06 02
2008-07-14(08189) 00 08 05
2008-07-13(08188) 05 09 05
2008-07-12(08187) 09 00 05
2008-07-11(08186) 08 07 06
2008-07-10(08185) 00 06 04
2008-07-09(08184) 08 04 00
2008-07-08(08183) 03 06 09
2008-07-07(08182) 00 08 02
2008-07-06(08181) 03 09 03
2008-07-05(08180) 04 01 01
2008-07-04(08179) 01 02 02
2008-07-03(08178) 03 04 04
2008-07-02(08177) 01 00 04
2008-07-01(08176) 05 04 02
2008-06-30(08175) 05 01 06
2008-06-29(08174) 08 08 07
2008-06-28(08173) 06 01 05
2008-06-27(08172) 03 08 02
2008-06-26(08171) 07 03 02
2008-06-25(08170) 04 04 02
2008-06-24(08169) 09 09 07
2008-06-23(08168) 06 03 04
2008-06-22(08167) 04 06 02
2008-06-21(08166) 08 08 00
2008-06-20(08165) 02 03 00
2008-06-19(08164) 01 08 02
2008-06-18(08163) 03 00 07
2008-06-17(08162) 06 07 04
2008-06-16(08161) 07 06 07
2008-06-15(08160) 07 04 09
2008-06-14(08159) 06 00 04
2008-06-13(08158) 08 00 05
2008-06-12(08157) 07 04 09
2008-06-11(08156) 00 07 02
2008-06-10(08155) 03 05 07
2008-06-09(08154) 09 01 00
2008-06-08(08153) 06 06 06
2008-06-07(08152) 08 02 04
2008-06-06(08151) 06 07 03
2008-06-05(08150) 05 08 04
2008-06-04(08149) 09 01 06
2008-06-03(08148) 02 09 04
2008-06-02(08147) 08 09 07
2008-06-01(08146) 01 04 02
2008-05-31(08145) 00 02 04
2008-05-30(08144) 01 08 06
2008-05-29(08143) 08 05 08
2008-05-28(08142) 06 07 02
2008-05-27(08141) 05 01 06
2008-05-26(08140) 04 01 04
2008-05-25(08139) 07 05 09
2008-05-24(08138) 08 04 01
2008-05-23(08137) 00 06 02
2008-05-22(08136) 04 06 07
2008-05-21(08135) 09 06 04
2008-05-20(08134) 05 04 02
2008-05-19(08133) 02 08 06
2008-05-18(08132) 02 05 04
2008-05-17(08131) 06 04 03
2008-05-16(08130) 08 00 08
2008-05-15(08129) 08 06 00
2008-05-14(08128) 04 09 05
2008-05-13(08127) 08 06 01
2008-05-12(08126) 02 09 04
2008-05-11(08125) 02 08 08
2008-05-10(08124) 01 00 09
2008-05-09(08123) 08 03 04
2008-05-08(08122) 03 01 03
2008-05-07(08121) 01 01 08
2008-05-06(08120) 07 05 04
2008-05-05(08119) 08 07 04
2008-05-04(08118) 01 07 07
2008-05-03(08117) 09 09 09
2008-05-02(08116) 06 09 05
2008-05-01(08115) 08 08 08
2008-04-30(08114) 02 04 06
2008-04-29(08113) 01 01 02
2008-04-28(08112) 04 07 06
2008-04-27(08111) 08 09 01
2008-04-26(08110) 03 09 03
2008-04-25(08109) 05 01 08
2008-04-24(08108) 05 06 02
2008-04-23(08107) 03 05 00
2008-04-22(08106) 00 09 00
2008-04-21(08105) 05 02 05
2008-04-20(08104) 01 01 05
2008-04-19(08103) 02 06 02
2008-04-18(08102) 05 01 01
2008-04-17(08101) 02 03 06
2008-04-16(08100) 07 05 07
2008-04-15(08099) 09 05 02
2008-04-14(08098) 05 06 07
2008-04-13(08097) 09 02 01
2008-04-12(08096) 04 07 00
2008-04-11(08095) 00 06 03
2008-04-10(08094) 05 09 09
2008-04-09(08093) 06 08 08
2008-04-08(08092) 09 08 03
2008-04-07(08091) 06 04 00
2008-04-06(08090) 03 01 08
2008-04-05(08089) 00 05 04
2008-04-04(08088) 04 05 06
2008-04-03(08087) 07 02 06
2008-04-02(08086) 03 09 01
2008-04-01(08085) 00 01 00
2008-03-31(08084) 03 09 07
2008-03-30(08083) 09 00 09
2008-03-29(08082) 04 06 07
2008-03-28(08081) 07 09 08
2008-03-27(08080) 08 05 03
2008-03-26(08079) 07 03 07
2008-03-25(08078) 06 01 09
2008-03-24(08077) 06 07 04
2008-03-23(08076) 08 02 06
2008-03-22(08075) 05 09 07
2008-03-21(08074) 03 08 01
2008-03-20(08073) 08 02 04
2008-03-19(08072) 05 00 02
2008-03-18(08071) 03 04 06
2008-03-17(08070) 07 03 08
2008-03-16(08069) 06 00 08
2008-03-15(08068) 05 04 02
2008-03-14(08067) 09 02 01
2008-03-13(08066) 01 09 05
2008-03-12(08065) 03 06 06
2008-03-11(08064) 06 04 08
2008-03-10(08063) 08 03 00
2008-03-09(08062) 04 01 03
2008-03-08(08061) 04 03 08
2008-03-07(08060) 06 03 06
2008-03-06(08059) 04 05 07
2008-03-05(08058) 06 07 07
2008-03-04(08057) 03 02 00
2008-03-03(08056) 06 07 01
2008-03-02(08055) 04 00 00
2008-03-01(08054) 09 03 02
2008-02-29(08053) 05 00 07
2008-02-28(08052) 02 08 00
2008-02-27(08051) 02 03 09
2008-02-26(08050) 03 03 02
2008-02-25(08049) 05 02 03
2008-02-24(08048) 08 00 05
2008-02-23(08047) 02 02 07
2008-02-22(08046) 08 00 05
2008-02-21(08045) 06 06 06
2008-02-20(08044) 01 02 01
2008-02-19(08043) 01 01 01
2008-02-18(08042) 06 01 02
2008-02-17(08041) 06 06 01
2008-02-16(08040) 08 00 04
2008-02-15(08039) 04 05 08
2008-02-14(08038) 06 05 03
2008-02-13(08037) 08 00 06
2008-02-05(08036) 05 04 01
2008-02-04(08035) 09 01 03
2008-02-03(08034) 08 03 05
2008-02-02(08033) 05 02 00
2008-02-01(08032) 08 02 07
2008-01-31(08031) 05 03 05
2008-01-30(08030) 03 01 04
2008-01-29(08029) 03 02 00
2008-01-28(08028) 09 09 00
2008-01-27(08027) 00 02 06
2008-01-26(08026) 08 00 06
2008-01-25(08025) 06 03 00
2008-01-24(08024) 00 01 02
2008-01-23(08023) 00 08 08
2008-01-22(08022) 06 05 04
2008-01-21(08021) 01 01 09
2008-01-20(08020) 07 08 06
2008-01-19(08019) 06 04 09
2008-01-18(08018) 01 05 05
2008-01-17(08017) 00 06 05
2008-01-16(08016) 07 08 09
2008-01-15(08015) 04 07 05
2008-01-14(08014) 01 06 03
2008-01-13(08013) 00 00 04
2008-01-12(08012) 06 03 00
2008-01-11(08011) 05 00 06
2008-01-10(08010) 02 08 04
2008-01-09(08009) 00 08 01
2008-01-08(08008) 08 00 03
2008-01-07(08007) 00 08 09
2008-01-06(08006) 02 08 02
2008-01-05(08005) 03 01 04
2008-01-04(08004) 03 05 09
2008-01-03(08003) 08 03 08
2008-01-02(08002) 08 07 00
2008-01-01(08001) 06 05 09
2007-12-31(07357) 03 01 07
2007-12-30(07356) 02 01 05
2007-12-29(07355) 06 03 04
2007-12-28(07354) 00 06 05
2007-12-27(07353) 00 00 05
2007-12-26(07352) 01 04 07
2007-12-25(07351) 00 02 08
2007-12-24(07350) 01 06 04
2007-12-23(07349) 04 07 07
2007-12-22(07348) 04 01 08
2007-12-21(07347) 03 01 00
2007-12-20(07346) 00 08 00
2007-12-19(07345) 05 09 06
2007-12-18(07344) 07 05 07
2007-12-17(07343) 04 09 02
2007-12-16(07342) 00 06 08
2007-12-15(07341) 00 03 02
2007-12-14(07340) 04 01 06
2007-12-13(07339) 00 04 08
2007-12-12(07338) 05 08 05
2007-12-11(07337) 02 07 06
2007-12-10(07336) 07 07 04
2007-12-09(07335) 05 02 03
2007-12-08(07334) 07 07 03
2007-12-07(07333) 09 01 04
2007-12-06(07332) 06 06 04
2007-12-05(07331) 01 05 03
2007-12-04(07330) 00 01 05
2007-12-03(07329) 02 07 03
2007-12-02(07328) 09 04 00
2007-12-01(07327) 04 03 08
2007-11-30(07326) 05 06 06
2007-11-29(07325) 08 01 09
2007-11-28(07324) 00 05 01
2007-11-27(07323) 06 09 04
2007-11-26(07322) 08 08 03
2007-11-25(07321) 08 05 08
2007-11-24(07320) 07 09 04
2007-11-23(07319) 00 05 03
2007-11-22(07318) 00 09 01
2007-11-21(07317) 07 08 07
2007-11-20(07316) 06 00 07
2007-11-19(07315) 02 00 01
2007-11-18(07314) 01 07 04
2007-11-17(07313) 06 03 03
2007-11-16(07312) 00 05 03
2007-11-15(07311) 03 04 07
2007-11-14(07310) 07 05 09
2007-11-13(07309) 08 08 04
2007-11-12(07308) 00 08 07
2007-11-11(07307) 06 01 00
2007-11-10(07306) 00 05 03
2007-11-09(07305) 07 09 08
2007-11-08(07304) 04 00 02
2007-11-07(07303) 09 08 00
2007-11-06(07302) 04 09 01
2007-11-05(07301) 08 02 04
2007-11-04(07300) 03 05 07
2007-11-03(07299) 04 09 04
2007-11-02(07298) 02 06 08
2007-11-01(07297) 09 07 01
2007-10-31(07296) 09 04 05
2007-10-30(07295) 03 01 01
2007-10-29(07294) 05 06 03
2007-10-28(07293) 04 07 04
2007-10-27(07292) 05 06 09
2007-10-26(07291) 04 04 01
2007-10-25(07290) 04 05 03
2007-10-24(07289) 07 09 04
2007-10-23(07288) 09 02 07
2007-10-22(07287) 03 07 04
2007-10-21(07286) 06 01 09
2007-10-20(07285) 04 00 07
2007-10-19(07284) 07 05 09
2007-10-18(07283) 02 01 00
2007-10-17(07282) 09 00 04
2007-10-16(07281) 04 00 03
2007-10-15(07280) 08 06 04
2007-10-14(07279) 08 09 06
2007-10-13(07278) 05 06 03
2007-10-12(07277) 02 05 04
2007-10-11(07276) 04 09 04
2007-10-10(07275) 03 06 01
2007-10-09(07274) 04 03 05
2007-10-08(07273) 08 05 04
2007-10-07(07272) 07 09 02
2007-10-06(07271) 02 09 05
2007-10-05(07270) 08 05 02
2007-10-04(07269) 08 03 03
2007-10-03(07268) 06 03 09
2007-10-02(07267) 05 09 08
2007-10-01(07266) 08 00 06
2007-09-30(07265) 02 03 02
2007-09-29(07264) 07 09 06
2007-09-28(07263) 02 03 01
2007-09-27(07262) 00 04 09
2007-09-26(07261) 09 01 02
2007-09-25(07260) 09 07 09
2007-09-24(07259) 01 05 04
2007-09-23(07258) 05 04 03
2007-09-22(07257) 01 04 04
2007-09-21(07256) 02 02 01
2007-09-20(07255) 04 08 08
2007-09-19(07254) 06 03 00
2007-09-18(07253) 05 03 03
2007-09-17(07252) 00 02 09
2007-09-16(07251) 06 00 02
2007-09-15(07250) 00 02 08
2007-09-14(07249) 00 05 01
2007-09-13(07248) 02 05 01
2007-09-12(07247) 08 05 04
2007-09-11(07246) 02 05 02
2007-09-10(07245) 09 04 06
2007-09-09(07244) 03 03 03
2007-09-08(07243) 07 01 09
2007-09-07(07242) 08 02 00
2007-09-06(07241) 05 03 02
2007-09-05(07240) 04 06 01
2007-09-04(07239) 08 04 06
2007-09-03(07238) 00 07 08
2007-09-02(07237) 04 03 08
2007-09-01(07236) 06 08 09
2007-08-31(07235) 08 09 03
2007-08-30(07234) 06 03 08
2007-08-29(07233) 08 03 02
2007-08-28(07232) 08 03 03
2007-08-27(07231) 01 03 09
2007-08-26(07230) 09 04 07
2007-08-25(07229) 00 02 02
2007-08-24(07228) 02 09 01
2007-08-23(07227) 02 00 01
2007-08-22(07226) 02 05 09
2007-08-21(07225) 08 00 01
2007-08-20(07224) 04 03 06
2007-08-19(07223) 04 02 07
2007-08-18(07222) 07 01 02
2007-08-17(07221) 02 01 01
2007-08-16(07220) 04 07 09
2007-08-15(07219) 05 06 09
2007-08-14(07218) 03 09 07
2007-08-13(07217) 05 00 03
2007-08-12(07216) 01 07 06
2007-08-11(07215) 08 08 04
2007-08-10(07214) 09 04 04
2007-08-09(07213) 08 09 09
2007-08-08(07212) 02 04 04
2007-08-07(07211) 01 08 08
2007-08-06(07210) 00 06 01
2007-08-05(07209) 03 08 09
2007-08-04(07208) 06 04 03
2007-08-03(07207) 09 02 03
2007-08-02(07206) 05 01 08
2007-08-01(07205) 05 03 03
2007-07-31(07204) 09 08 01
2007-07-30(07203) 01 03 01
2007-07-29(07202) 08 06 08
2007-07-28(07201) 00 08 05
2007-07-27(07200) 07 06 06
2007-07-26(07199) 04 04 09
2007-07-25(07198) 02 08 02
2007-07-24(07197) 07 01 03
2007-07-23(07196) 05 06 05
2007-07-22(07195) 05 06 06
2007-07-21(07194) 01 04 01
2007-07-20(07193) 09 05 01
2007-07-19(07192) 01 00 06
2007-07-18(07191) 09 05 09
2007-07-17(07190) 06 01 06
2007-07-16(07189) 01 08 04
2007-07-15(07188) 05 08 09
2007-07-14(07187) 08 06 07
2007-07-13(07186) 00 00 00
2007-07-12(07185) 05 08 01
2007-07-11(07184) 05 07 04
2007-07-10(07183) 09 00 03
2007-07-09(07182) 06 00 04
2007-07-08(07181) 08 04 09
2007-07-07(07180) 06 08 00
2007-07-06(07179) 08 02 05
2007-07-05(07178) 04 09 01
2007-07-04(07177) 07 02 06
2007-07-03(07176) 01 07 04
2007-07-02(07175) 04 04 06
2007-07-01(07174) 03 08 04
2007-06-30(07173) 09 08 01
2007-06-29(07172) 05 01 07
2007-06-28(07171) 08 09 00
2007-06-27(07170) 02 00 00
2007-06-27(07169) 03 03 08
2007-06-25(07168) 00 06 04
2007-06-24(07167) 08 00 00
2007-06-23(07166) 07 09 05
2007-06-22(07165) 09 04 06
2007-06-21(07164) 07 03 08
2007-06-20(07163) 06 05 08
2007-06-19(07162) 05 05 04
2007-06-18(07161) 05 06 07
2007-06-17(07160) 08 07 08
2007-06-16(07159) 05 03 09
2007-06-15(07158) 08 09 01
2007-06-14(07157) 00 00 00
2007-06-13(07156) 07 07 05
2007-06-12(07155) 06 08 02
2007-06-11(07154) 08 05 01
2007-06-10(07153) 01 08 01
2007-06-09(07152) 09 05 01
2007-06-08(07151) 06 07 06
2007-06-07(07150) 08 07 03
2007-06-06(07149) 03 07 08
2007-06-05(07148) 02 04 06
2007-06-04(07147) 09 07 06
2007-06-03(07146) 09 01 00
2007-06-02(07145) 00 06 00
2007-06-01(07144) 09 01 02
2007-05-31(07143) 01 03 09
2007-05-30(07142) 06 06 09
2007-05-29(07141) 08 08 04
2007-05-28(07140) 00 03 06
2007-05-27(07139) 03 02 08
2007-05-26(07138) 00 04 07
2007-05-25(07137) 09 06 04
2007-05-24(07136) 08 05 08
2007-05-23(07135) 05 09 05
2007-05-22(07134) 00 09 07
2007-05-21(07133) 08 03 09
2007-05-20(07132) 06 08 04
2007-05-19(07131) 05 07 05
2007-05-18(07130) 01 01 01
2007-05-17(07129) 09 04 05
2007-05-16(07128) 06 09 09
2007-05-15(07127) 09 00 09
2007-05-14(07126) 00 07 05
2007-05-13(07125) 01 06 03
2007-05-12(07124) 07 07 09
2007-05-11(07123) 05 02 05
2007-05-10(07122) 05 02 00
2007-05-09(07121) 00 00 06
2007-05-08(07120) 05 03 04
2007-05-07(07119) 09 06 07
2007-05-06(07118) 09 07 01
2007-05-05(07117) 03 07 08
2007-05-04(07116) 02 07 02
2007-05-03(07115) 01 06 07
2007-05-02(07114) 07 08 06
2007-05-01(07113) 01 08 03
2007-04-30(07112) 07 03 04
2007-04-29(07111) 07 06 02
2007-04-28(07110) 07 08 06
2007-04-27(07109) 03 09 05
2007-04-26(07108) 04 09 07
2007-04-25(07107) 06 09 01
2007-04-24(07106) 08 04 05
2007-04-23(07105) 09 09 09
2007-04-22(07104) 07 05 04
2007-04-21(07103) 04 04 01
2007-04-20(07102) 04 08 05
2007-04-19(07101) 03 04 09
2007-04-18(07100) 09 04 01
2007-04-17(07099) 04 00 05
2007-04-16(07098) 06 07 09
2007-04-15(07097) 05 03 02
2007-04-14(07096) 09 06 07
2007-04-13(07095) 09 03 07
2007-04-12(07094) 00 05 01
2007-04-11(07093) 09 07 01
2007-04-10(07092) 04 01 07
2007-04-09(07091) 01 07 00
2007-04-08(07090) 06 02 04
2007-04-07(07089) 05 07 07
2007-04-06(07088) 08 09 04
2007-04-05(07087) 07 03 08
2007-04-04(07086) 00 02 08
2007-04-03(07085) 08 07 08
2007-04-02(07084) 00 02 00
2007-04-01(07083) 09 00 03
2007-03-31(07082) 00 04 04
2007-03-30(07081) 04 09 01
2007-03-29(07080) 08 05 06
2007-03-28(07079) 01 09 05
2007-03-27(07078) 07 03 07
2007-03-26(07077) 07 06 01
2007-03-25(07076) 03 01 06
2007-03-24(07075) 05 01 05
2007-03-23(07074) 09 00 06
2007-03-22(07073) 05 06 04
2007-03-21(07072) 00 01 00
2007-03-20(07071) 09 08 04
2007-03-19(07070) 04 04 01
2007-03-18(07069) 05 03 01
2007-03-17(07068) 01 00 03
2007-03-16(07067) 04 09 09
2007-03-15(07066) 06 08 03
2007-03-14(07065) 02 06 08
2007-03-13(07064) 03 03 00
2007-03-12(07063) 03 06 05
2007-03-11(07062) 03 02 07
2007-03-10(07061) 07 08 07
2007-03-09(07060) 03 06 08
2007-03-08(07059) 05 02 08
2007-03-07(07058) 08 08 07
2007-03-06(07057) 09 05 05
2007-03-05(07056) 02 07 08
2007-03-04(07055) 00 01 07
2007-03-03(07054) 08 04 07
2007-03-02(07053) 08 00 02
2007-03-01(07052) 07 03 03
2007-02-28(07051) 02 06 05
2007-02-27(07050) 01 06 03
2007-02-26(07049) 07 06 00
2007-02-25(07048) 05 07 02
2007-02-16(07047) 03 07 07
2007-02-15(07046) 05 06 04
2007-02-14(07045) 00 00 00
2007-02-13(07044) 09 08 08
2007-02-12(07043) 09 04 07
2007-02-11(07042) 01 09 09
2007-02-10(07041) 03 03 05
2007-02-09(07040) 09 04 08
2007-02-08(07039) 00 02 05
2007-02-07(07038) 02 00 03
2007-02-06(07037) 05 00 07
2007-02-05(07036) 00 03 02
2007-02-04(07035) 07 06 04
2007-02-03(07034) 04 09 04
2007-02-02(07033) 08 07 05
2007-02-01(07032) 09 06 01
2007-01-31(07031) 07 00 04
2007-01-30(07030) 02 08 01
2007-01-29(07029) 03 09 09
2007-01-28(07028) 01 01 09
2007-01-27(07027) 03 04 09
2007-01-26(07026) 02 06 00
2007-01-25(07025) 03 01 09
2007-01-24(07024) 09 05 05
2007-01-23(07023) 07 01 06
2007-01-22(07022) 08 09 06
2007-01-21(07021) 07 05 07
2007-01-20(07020) 01 05 01
2007-01-19(07019) 02 01 09
2007-01-18(07018) 02 00 04
2007-01-17(07017) 04 08 05
2007-01-16(07016) 08 07 08
2007-01-15(07015) 09 07 07
2007-01-14(07014) 00 04 07
2007-01-13(07013) 02 05 02
2007-01-12(07012) 04 00 05
2007-01-11(07011) 02 06 01
2007-01-10(07010) 04 05 03
2007-01-09(07009) 02 09 02
2007-01-08(07008) 04 01 06
2007-01-07(07007) 05 04 01
2007-01-06(07006) 08 03 05
2007-01-05(07005) 00 09 01
2007-01-04(07004) 01 06 03
2007-01-03(07003) 08 03 09
2007-01-02(07002) 00 06 00
2007-01-01(07001) 00 03 08
2006-12-31(06357) 05 08 04
2006-12-30(06356) 06 07 08
2006-12-29(06355) 09 01 04
2006-12-28(06354) 03 03 04
2006-12-27(06353) 05 01 03
2006-12-26(06352) 06 09 01
2006-12-25(06351) 01 01 07
2006-12-24(06350) 06 09 08
2006-12-23(06349) 07 03 05
2006-12-22(06348) 01 01 04
2006-12-21(06347) 01 08 04
2006-12-20(06346) 05 06 06
2006-12-19(06345) 00 03 00
2006-12-18(06344) 07 01 02
2006-12-17(06343) 01 08 03
2006-12-16(06342) 07 04 06
2006-12-15(06341) 06 06 04
2006-12-14(06340) 05 03 01
2006-12-13(06339) 00 06 03
2006-12-12(06338) 09 04 00
2006-12-11(06337) 01 02 06
2006-12-10(06336) 04 05 06
2006-12-09(06335) 06 05 09
2006-12-08(06334) 08 09 03
2006-12-07(06333) 07 06 07
2006-12-06(06332) 00 02 00
2006-12-05(06331) 00 09 00
2006-12-04(06330) 07 07 04
2006-12-03(06329) 08 09 06
2006-12-02(06328) 01 06 09
2006-12-01(06327) 03 07 05
2006-11-30(06326) 09 07 07
2006-11-29(06325) 01 04 03
2006-11-28(06324) 08 01 05
2006-11-27(06323) 07 03 06
2006-11-26(06322) 06 06 04
2006-11-25(06321) 04 06 08
2006-11-24(06320) 03 04 09
2006-11-23(06319) 06 05 05
2006-11-22(06318) 06 01 09
2006-11-21(06317) 08 04 05
2006-11-20(06316) 01 03 03
2006-11-19(06315) 00 04 01
2006-11-18(06314) 07 02 04
2006-11-17(06313) 08 03 00
2006-11-16(06312) 03 01 00
2006-11-15(06311) 03 00 05
2006-11-14(06310) 09 09 09
2006-11-13(06309) 08 03 04
2006-11-12(06308) 08 07 01
2006-11-11(06307) 02 07 08
2006-11-10(06306) 06 06 01
2006-11-09(06305) 02 05 09
2006-11-08(06304) 09 09 01
2006-11-07(06303) 07 07 02
2006-11-06(06302) 06 03 05
2006-11-05(06301) 01 09 09
2006-11-04(06300) 02 01 04
2006-11-03(06299) 09 05 06
2006-11-02(06298) 09 07 02
2006-11-01(06297) 06 00 00
2006-10-31(06296) 06 00 09
2006-10-30(06295) 03 03 01
2006-10-29(06294) 04 03 07
2006-10-28(06293) 00 06 00
2006-10-27(06292) 03 03 08
2006-10-26(06291) 04 03 09
2006-10-25(06290) 02 00 08
2006-10-24(06289) 07 08 01
2006-10-23(06288) 01 04 05
2006-10-22(06287) 04 04 07
2006-10-21(06286) 05 06 04
2006-10-20(06285) 08 05 07
2006-10-19(06284) 02 07 09
2006-10-18(06283) 00 02 03
2006-10-17(06282) 04 03 03
2006-10-16(06281) 02 06 03
2006-10-15(06280) 08 00 08
2006-10-14(06279) 09 05 01
2006-10-13(06278) 02 01 06
2006-10-12(06277) 09 00 07
2006-10-11(06276) 01 01 00
2006-10-10(06275) 07 07 02
2006-10-09(06274) 09 00 08
2006-10-08(06273) 03 07 03
2006-10-07(06272) 05 01 07
2006-10-06(06271) 09 04 04
2006-10-05(06270) 03 01 07
2006-10-04(06269) 00 01 00
2006-10-03(06268) 06 03 08
2006-10-02(06267) 02 06 05
2006-10-01(06266) 02 07 02
2006-09-30(06265) 02 02 08
2006-09-29(06264) 06 05 06
2006-09-28(06263) 08 08 06
2006-09-27(06262) 09 01 07
2006-09-26(06261) 07 03 05
2006-09-25(06260) 06 05 09
2006-09-24(06259) 06 02 08
2006-09-23(06258) 08 06 00
2006-09-22(06257) 05 00 08
2006-09-21(06256) 09 09 08
2006-09-20(06255) 04 07 09
2006-09-19(06254) 02 09 03
2006-09-18(06253) 09 07 08
2006-09-17(06252) 01 01 05
2006-09-16(06251) 06 05 06
2006-09-15(06250) 09 05 09
2006-09-14(06249) 01 06 06
2006-09-13(06248) 08 09 05
2006-09-12(06247) 05 02 08
2006-09-11(06246) 09 08 09
2006-09-10(06245) 00 08 00
2006-09-09(06244) 02 02 02
2006-09-08(06243) 04 09 08
2006-09-07(06242) 07 08 09
2006-09-06(06241) 04 03 02
2006-09-05(06240) 02 02 08
2006-09-04(06239) 05 03 06
2006-09-03(06238) 01 06 06
2006-09-02(06237) 07 09 03
2006-09-01(06236) 01 06 09
2006-08-31(06235) 07 03 02
2006-08-30(06234) 04 05 07
2006-08-29(06233) 07 01 04
2006-08-28(06232) 01 06 02
2006-08-27(06231) 00 06 08
2006-08-26(06230) 02 06 07
2006-08-25(06229) 02 06 06
2006-08-24(06228) 06 01 02
2006-08-23(06227) 06 03 03
2006-08-22(06226) 06 00 08
2006-08-21(06225) 08 09 03
2006-08-20(06224) 07 00 08
2006-08-19(06223) 07 06 00
2006-08-18(06222) 02 05 05
2006-08-17(06221) 07 05 01
2006-08-16(06220) 05 04 06
2006-08-15(06219) 05 05 04
2006-08-14(06218) 07 02 01
2006-08-13(06217) 03 05 03
2006-08-12(06216) 08 03 06
2006-08-11(06215) 05 02 07
2006-08-10(06214) 03 04 00
2006-08-09(06213) 04 02 01
2006-08-08(06212) 09 03 04
2006-08-07(06211) 05 05 02
2006-08-06(06210) 02 05 07
2006-08-05(06209) 05 06 02
2006-08-04(06208) 03 06 08
2006-08-03(06207) 09 03 07
2006-08-02(06206) 04 07 01
2006-08-01(06205) 04 08 01
2006-07-31(06204) 08 07 02
2006-07-30(06203) 04 05 01
2006-07-29(06202) 08 09 01
2006-07-28(06201) 07 02 04
2006-07-27(06200) 09 02 08
2006-07-26(06199) 00 02 09
2006-07-25(06198) 01 06 05
2006-07-24(06197) 09 04 09
2006-07-23(06196) 08 04 08
2006-07-22(06195) 09 01 08
2006-07-21(06194) 01 01 06
2006-07-20(06193) 07 04 08
2006-07-19(06192) 03 00 00
2006-07-18(06191) 02 09 03
2006-07-17(06190) 04 01 09
2006-07-16(06189) 03 03 04
2006-07-15(06188) 09 09 05
2006-07-14(06187) 07 01 03
2006-07-13(06186) 04 06 09
2006-07-12(06185) 07 00 00
2006-07-11(06184) 03 04 00
2006-07-10(06183) 04 06 05
2006-07-09(06182) 02 01 07
2006-07-08(06181) 09 05 09
2006-07-07(06180) 05 09 03
2006-07-06(06179) 04 09 09
2006-07-05(06178) 04 06 05
2006-07-04(06177) 09 04 05
2006-07-03(06176) 07 07 02
2006-07-02(06175) 00 00 01
2006-07-01(06174) 04 05 04
2006-06-30(06173) 00 01 09
2006-06-29(06172) 06 08 07
2006-06-28(06171) 02 04 06
2006-06-27(06170) 03 00 05
2006-06-26(06169) 07 09 04
2006-06-25(06168) 02 01 01
2006-06-24(06167) 09 06 04
2006-06-23(06166) 03 07 03
2006-06-22(06165) 03 09 07
2006-06-21(06164) 05 03 04
2006-06-20(06163) 09 09 04
2006-06-19(06162) 02 04 02
2006-06-18(06161) 09 07 06
2006-06-17(06160) 09 08 06
2006-06-16(06159) 05 03 09
2006-06-15(06158) 06 02 03
2006-06-14(06157) 00 03 08
2006-06-13(06156) 06 07 08
2006-06-12(06155) 07 05 09
2006-06-11(06154) 09 04 08
2006-06-10(06153) 09 05 00
2006-06-09(06152) 08 01 04
2006-06-08(06151) 01 08 01
2006-06-07(06150) 00 04 09
2006-06-06(06149) 00 01 09
2006-06-05(06148) 07 06 00
2006-06-04(06147) 07 03 03
2006-06-03(06146) 08 03 04
2006-06-02(06145) 05 08 08
2006-06-01(06144) 01 05 01
2006-05-31(06143) 01 00 04
2006-05-30(06142) 02 06 06
2006-05-29(06141) 09 07 04
2006-05-28(06140) 08 03 00
2006-05-27(06139) 01 07 02
2006-05-26(06138) 00 08 07
2006-05-25(06137) 07 03 03
2006-05-24(06136) 03 09 01
2006-05-23(06135) 07 04 05
2006-05-22(06134) 00 07 03
2006-05-21(06133) 09 08 09
2006-05-20(06132) 00 09 03
2006-05-19(06131) 01 06 05
2006-05-18(06130) 08 00 08
2006-05-17(06129) 09 02 09
2006-05-16(06128) 06 04 00
2006-05-15(06127) 01 00 03
2006-05-14(06126) 02 03 08
2006-05-13(06125) 03 01 05
2006-05-12(06124) 02 06 01
2006-05-11(06123) 02 04 09
2006-05-10(06122) 05 02 00
2006-05-09(06121) 05 07 05
2006-05-08(06120) 03 03 02
2006-05-07(06119) 09 00 00
2006-05-06(06118) 08 09 00
2006-05-05(06117) 09 09 09
2006-05-04(06116) 03 03 02
2006-05-03(06115) 02 05 09
2006-05-02(06114) 09 09 07
2006-05-01(06113) 06 00 01
2006-04-30(06112) 04 09 09
2006-04-29(06111) 02 01 08
2006-04-28(06110) 04 03 07
2006-04-27(06109) 03 00 08
2006-04-26(06108) 06 09 06
2006-04-25(06107) 01 09 00
2006-04-24(06106) 05 03 03
2006-04-23(06105) 05 01 09
2006-04-22(06104) 06 01 06
2006-04-21(06103) 02 02 03
2006-04-20(06102) 02 06 00
2006-04-19(06101) 04 03 00
2006-04-18(06100) 04 05 01
2006-04-17(06099) 08 02 06
2006-04-16(06098) 06 06 00
2006-04-15(06097) 09 03 08
2006-04-14(06096) 02 07 05
2006-04-13(06095) 03 00 04
2006-04-12(06094) 00 01 00
2006-04-11(06093) 08 02 04
2006-04-10(06092) 04 04 04
2006-04-09(06091) 05 03 03
2006-04-08(06090) 08 07 07
2006-04-07(06089) 04 09 02
2006-04-06(06088) 06 04 02
2006-04-05(06087) 09 04 07
2006-04-04(06086) 01 06 02
2006-04-03(06085) 04 09 05
2006-04-02(06084) 02 07 06
2006-04-01(06083) 09 07 02
2006-03-31(06082) 06 07 01
2006-03-30(06081) 04 03 04
2006-03-29(06080) 05 04 04
2006-03-28(06079) 07 01 04
2006-03-27(06078) 02 08 06
2006-03-26(06077) 02 00 01
2006-03-25(06076) 02 02 04
2006-03-24(06075) 08 04 04
2006-03-23(06074) 02 09 02
2006-03-22(06073) 02 00 03
2006-03-21(06072) 04 02 00
2006-03-20(06071) 02 00 02
2006-03-19(06070) 04 01 05
2006-03-18(06069) 00 08 02
2006-03-17(06068) 00 00 03
2006-03-16(06067) 01 04 09
2006-03-15(06066) 09 06 07
2006-03-14(06065) 09 02 01
2006-03-13(06064) 09 08 03
2006-03-12(06063) 04 05 08
2006-03-11(06062) 07 06 01
2006-03-10(06061) 02 02 04
2006-03-09(06060) 00 06 02
2006-03-08(06059) 09 09 00
2006-03-07(06058) 06 00 00
2006-03-06(06057) 07 09 01
2006-03-05(06056) 08 09 08
2006-03-04(06055) 01 04 00
2006-03-03(06054) 09 00 09
2006-03-02(06053) 06 09 08
2006-03-01(06052) 05 00 01
2006-02-28(06051) 08 07 03
2006-02-27(06050) 08 07 04
2006-02-26(06049) 04 08 09
2006-02-25(06048) 05 06 04
2006-02-24(06047) 06 09 04
2006-02-23(06046) 05 06 08
2006-02-22(06045) 01 08 07
2006-02-21(06044) 00 02 06
2006-02-20(06043) 04 04 05
2006-02-19(06042) 00 02 08
2006-02-18(06041) 08 05 03
2006-02-17(06040) 08 07 06
2006-02-16(06039) 05 08 07
2006-02-15(06038) 03 07 04
2006-02-14(06037) 02 03 06
2006-02-13(06036) 01 05 04
2006-02-12(06035) 06 04 07
2006-02-11(06034) 04 06 05
2006-02-10(06033) 05 04 09
2006-02-09(06032) 06 09 09
2006-02-08(06031) 06 07 05
2006-02-07(06030) 00 08 06
2006-02-06(06029) 07 00 06
2006-02-05(06028) 05 04 07
2006-01-27(06027) 04 00 04
2006-01-26(06026) 09 09 08
2006-01-25(06025) 07 00 07
2006-01-24(06024) 01 06 03
2006-01-23(06023) 02 01 05
2006-01-22(06022) 01 06 04
2006-01-21(06021) 04 03 08
2006-01-20(06020) 07 01 00
2006-01-19(06019) 01 09 09
2006-01-18(06018) 09 01 06
2006-01-17(06017) 09 02 05
2006-01-16(06016) 05 01 09
2006-01-15(06015) 04 04 06
2006-01-14(06014) 06 07 08
2006-01-13(06013) 07 07 07
2006-01-12(06012) 06 05 02
2006-01-11(06011) 07 05 05
2006-01-10(06010) 05 03 08
2006-01-09(06009) 08 00 03
2006-01-08(06008) 04 08 09
2006-01-07(06007) 05 06 01
2006-01-06(06006) 05 09 08
2006-01-05(06005) 01 08 05
2006-01-04(06004) 09 04 00
2006-01-03(06003) 00 01 02
2006-01-02(06002) 02 09 09
2006-01-01(06001) 01 08 04
2005-12-31(05358) 03 09 07
2005-12-30(05357) 04 01 05
2005-12-29(05356) 04 03 09
2005-12-28(05355) 00 01 02
2005-12-27(05354) 00 01 04
2005-12-26(05353) 00 09 05
2005-12-25(05352) 05 06 02
2005-12-24(05351) 02 03 09
2005-12-23(05350) 02 03 07
2005-12-22(05349) 04 09 02
2005-12-21(05348) 03 02 03
2005-12-20(05347) 01 07 02
2005-12-19(05346) 02 09 02
2005-12-18(05345) 07 08 06
2005-12-17(05344) 09 04 09
2005-12-16(05343) 08 07 06
2005-12-15(05342) 03 08 05
2005-12-14(05341) 03 00 02
2005-12-13(05340) 06 07 08
2005-12-12(05339) 04 04 00
2005-12-11(05338) 02 03 06
2005-12-10(05337) 04 06 01
2005-12-09(05336) 06 09 03
2005-12-08(05335) 07 08 01
2005-12-07(05334) 06 07 02
2005-12-06(05333) 03 04 01
2005-12-05(05332) 01 08 07
2005-12-04(05331) 07 09 00
2005-12-03(05330) 01 04 09
2005-12-02(05329) 01 01 07
2005-12-01(05328) 04 06 03
2005-11-30(05327) 07 03 05
2005-11-29(05326) 05 00 08
2005-11-28(05325) 04 07 02
2005-11-27(05324) 05 07 08
2005-11-26(05323) 03 03 09
2005-11-25(05322) 02 07 04
2005-11-24(05321) 08 00 05
2005-11-23(05320) 00 08 04
2005-11-22(05319) 08 02 04
2005-11-21(05318) 00 06 09
2005-11-20(05317) 08 04 06
2005-11-19(05316) 07 04 01
2005-11-18(05315) 06 07 00
2005-11-17(05314) 08 06 00
2005-11-16(05313) 07 02 08
2005-11-15(05312) 07 05 06
2005-11-14(05311) 04 05 00
2005-11-13(05310) 00 01 05
2005-11-12(05309) 05 02 04
2005-11-11(05308) 01 02 09
2005-11-10(05307) 09 06 08
2005-11-09(05306) 03 09 00
2005-11-08(05305) 05 07 08
2005-11-07(05304) 08 06 03
2005-11-06(05303) 05 07 06
2005-11-05(05302) 07 04 07
2005-11-04(05301) 06 03 05
2005-11-03(05300) 09 06 06
2005-11-02(05299) 07 05 06
2005-11-01(05298) 06 00 08
2005-10-31(05297) 03 01 09
2005-10-30(05296) 07 01 06
2005-10-29(05295) 08 09 03
2005-10-28(05294) 08 02 00
2005-10-27(05293) 00 04 00
2005-10-26(05292) 04 03 06
2005-10-25(05291) 03 07 01
2005-10-24(05290) 08 00 03
2005-10-23(05289) 03 00 04
2005-10-22(05288) 04 08 07
2005-10-21(05287) 07 08 07
2005-10-20(05286) 08 05 03
2005-10-19(05285) 06 05 04
2005-10-18(05284) 03 08 00
2005-10-17(05283) 01 08 04
2005-10-16(05282) 05 04 09
2005-10-15(05281) 05 07 06
2005-10-14(05280) 08 09 09
2005-10-13(05279) 02 05 04
2005-10-12(05278) 06 09 02
2005-10-11(05277) 00 07 05
2005-10-10(05276) 08 06 02
2005-10-09(05275) 04 07 00
2005-10-08(05274) 05 02 06
2005-10-07(05273) 07 02 06
2005-10-06(05272) 09 08 01
2005-10-05(05271) 05 06 06
2005-10-04(05270) 09 00 09
2005-10-03(05269) 03 02 07
2005-10-02(05268) 08 05 05
2005-10-01(05267) 05 08 04
2005-09-30(05266) 01 00 07
2005-09-29(05265) 06 09 06
2005-09-28(05264) 08 00 07
2005-09-27(05263) 08 04 06
2005-09-26(05262) 02 04 00
2005-09-25(05261) 06 01 04
2005-09-24(05260) 04 08 09
2005-09-23(05259) 09 07 01
2005-09-22(05258) 09 07 06
2005-09-21(05257) 00 02 06
2005-09-20(05256) 05 03 09
2005-09-19(05255) 09 05 09
2005-09-18(05254) 03 00 02
2005-09-17(05253) 04 04 02
2005-09-16(05252) 00 08 05
2005-09-15(05251) 08 01 08
2005-09-14(05250) 00 03 07
2005-09-13(05249) 05 02 01
2005-09-12(05248) 04 08 01
2005-09-11(05247) 03 01 00
2005-09-10(05246) 05 09 07
2005-09-09(05245) 08 02 07
2005-09-08(05244) 08 09 04
2005-09-07(05243) 09 04 09
2005-09-06(05242) 02 08 09
2005-09-05(05241) 08 03 02
2005-09-04(05240) 05 01 07
2005-09-03(05239) 03 04 06
2005-09-02(05238) 04 06 03
2005-09-01(05237) 06 00 00
2005-08-31(05236) 05 03 07
2005-08-30(05235) 08 05 06
2005-08-29(05234) 01 02 02
2005-08-28(05233) 09 03 04
2005-08-27(05232) 07 04 09
2005-08-26(05231) 00 07 07
2005-08-25(05230) 07 08 04
2005-08-24(05229) 08 01 03
2005-08-23(05228) 07 02 05
2005-08-22(05227) 02 06 04
2005-08-21(05226) 02 09 03
2005-08-20(05225) 03 00 09
2005-08-19(05224) 05 06 07
2005-08-18(05223) 05 03 09
2005-08-17(05222) 08 09 05
2005-08-16(05221) 08 07 00
2005-08-15(05220) 08 00 02
2005-08-14(05219) 02 01 06
2005-08-13(05218) 07 02 04
2005-08-12(05217) 05 05 05
2005-08-11(05216) 08 05 06
2005-08-10(05215) 02 03 06
2005-08-09(05214) 01 06 09
2005-08-08(05213) 09 06 02
2005-08-07(05212) 07 08 00
2005-08-06(05211) 05 03 04
2005-08-05(05210) 05 04 03
2005-08-04(05209) 03 01 06
2005-08-03(05208) 05 04 00
2005-08-02(05207) 08 06 07
2005-08-01(05206) 09 05 08
2005-07-31(05205) 08 07 05
2005-07-30(05204) 05 00 06
2005-07-29(05203) 08 01 09
2005-07-28(05202) 03 03 00
2005-07-27(05201) 00 04 05
2005-07-26(05200) 09 09 08
2005-07-25(05199) 07 09 04
2005-07-24(05198) 07 04 09
2005-07-23(05197) 07 08 08
2005-07-22(05196) 00 00 05
2005-07-21(05195) 05 02 06
2005-07-20(05194) 04 09 04
2005-07-19(05193) 09 09 09
2005-07-18(05192) 06 02 04
2005-07-17(05191) 05 00 06
2005-07-16(05190) 04 02 06
2005-07-15(05189) 04 00 03
2005-07-14(05188) 06 02 09
2005-07-13(05187) 09 01 03
2005-07-12(05186) 02 00 02
2005-07-11(05185) 04 03 09
2005-07-10(05184) 08 08 04
2005-07-09(05183) 01 07 03
2005-07-08(05182) 04 06 09
2005-07-07(05181) 04 00 02
2005-07-06(05180) 03 09 05
2005-07-05(05179) 00 04 03
2005-07-04(05178) 00 00 04
2005-07-03(05177) 07 00 05
2005-07-02(05176) 09 03 07
2005-07-01(05175) 09 03 03
2005-06-30(05174) 08 07 06
2005-06-29(05173) 02 00 07
2005-06-28(05172) 09 09 07
2005-06-27(05171) 01 06 05
2005-06-26(05170) 01 09 05
2005-06-25(05169) 02 06 03
2005-06-24(05168) 09 00 07
2005-06-23(05167) 07 01 01
2005-06-22(05166) 07 03 06
2005-06-21(05165) 03 09 08
2005-06-20(05164) 00 00 01
2005-06-19(05163) 06 04 05
2005-06-18(05162) 09 06 07
2005-06-17(05161) 02 02 01
2005-06-16(05160) 07 02 06
2005-06-15(05159) 01 00 07
2005-06-14(05158) 08 07 06
2005-06-13(05157) 05 09 08
2005-06-12(05156) 01 01 09
2005-06-11(05155) 00 02 04
2005-06-10(05154) 07 07 06
2005-06-09(05153) 08 06 06
2005-06-08(05152) 09 02 07
2005-06-07(05151) 09 09 00
2005-06-06(05150) 05 02 04
2005-06-05(05149) 08 09 09
2005-06-04(05148) 09 07 09
2005-06-03(05147) 01 02 01
2005-06-02(05146) 01 00 09
2005-06-01(05145) 00 05 07
2005-05-31(05144) 05 07 04
2005-05-30(05143) 02 00 07
2005-05-29(05142) 03 00 06
2005-05-28(05141) 01 06 08
2005-05-27(05140) 08 09 04
2005-05-26(05139) 04 06 02
2005-05-25(05138) 00 01 04
2005-05-24(05137) 02 05 03
2005-05-23(05136) 09 02 08
2005-05-22(05135) 07 04 05
2005-05-21(05134) 07 00 04
2005-05-20(05133) 07 05 09
2005-05-19(05132) 08 03 06
2005-05-18(05131) 06 06 03
2005-05-17(05130) 05 04 06
2005-05-16(05129) 07 00 07
2005-05-15(05128) 01 06 02
2005-05-14(05127) 04 04 05
2005-05-13(05126) 05 03 04
2005-05-12(05125) 05 00 08
2005-05-11(05124) 02 01 09
2005-05-10(05123) 09 07 04
2005-05-09(05122) 05 04 02
2005-05-08(05121) 07 02 09
2005-05-07(05120) 01 06 02
2005-05-06(05119) 01 01 01
2005-05-05(05118) 05 09 03
2005-05-04(05117) 09 09 02
2005-05-03(05116) 05 06 09
2005-05-02(05115) 06 02 06
2005-05-01(05114) 08 09 02
2005-04-30(05113) 00 00 05
2005-04-29(05112) 02 09 08
2005-04-28(05111) 00 06 01
2005-04-27(05110) 04 01 07
2005-04-26(05109) 06 01 00
2005-04-25(05108) 03 08 04
2005-04-24(05107) 08 03 08
2005-04-23(05106) 05 04 00
2005-04-22(05105) 03 06 03
2005-04-21(05104) 06 08 01
2005-04-20(05103) 08 07 03
2005-04-19(05102) 04 03 01
2005-04-18(05101) 03 02 00
2005-04-17(05100) 01 02 07
2005-04-16(05099) 06 09 05
2005-04-15(05098) 06 07 00
2005-04-14(05097) 00 08 05
2005-04-13(05096) 09 03 05
2005-04-12(05095) 00 06 01
2005-04-11(05094) 01 01 02
2005-04-10(05093) 08 06 01
2005-04-09(05092) 02 09 09
2005-04-08(05091) 01 00 02
2005-04-07(05090) 00 06 05
2005-04-06(05089) 00 09 01
2005-04-05(05088) 01 04 04
2005-04-04(05087) 01 05 05
2005-04-03(05086) 06 03 05
2005-04-02(05085) 09 04 02
2005-04-01(05084) 02 07 07
2005-03-31(05083) 07 00 02
2005-03-30(05082) 02 01 06
2005-03-29(05081) 02 05 00
2005-03-28(05080) 04 09 05
2005-03-27(05079) 09 05 09
2005-03-26(05078) 08 04 02
2005-03-25(05077) 06 04 08
2005-03-24(05076) 04 01 08
2005-03-23(05075) 07 00 00
2005-03-22(05074) 00 00 06
2005-03-21(05073) 02 03 02
2005-03-20(05072) 02 05 06
2005-03-19(05071) 09 01 07
2005-03-18(05070) 09 08 04
2005-03-17(05069) 07 04 03
2005-03-16(05068) 09 00 03
2005-03-15(05067) 01 06 09
2005-03-14(05066) 06 02 06
2005-03-13(05065) 08 09 05
2005-03-12(05064) 09 06 09
2005-03-11(05063) 01 08 01
2005-03-10(05062) 07 09 06
2005-03-09(05061) 09 01 02
2005-03-08(05060) 09 06 00
2005-03-07(05059) 09 08 03
2005-03-06(05058) 03 05 03
2005-03-05(05057) 08 01 03
2005-03-04(05056) 06 00 00
2005-03-03(05055) 00 01 04
2005-03-02(05054) 05 01 09
2005-03-01(05053) 01 07 05
2005-02-28(05052) 03 00 06
2005-02-27(05051) 02 04 07
2005-02-26(05050) 01 00 04
2005-02-25(05049) 07 09 00
2005-02-24(05048) 07 06 01
2005-02-23(05047) 04 02 09
2005-02-22(05046) 05 04 05
2005-02-21(05045) 04 00 00
2005-02-20(05044) 09 05 05
2005-02-19(05043) 08 04 05
2005-02-18(05042) 02 03 04
2005-02-17(05041) 01 03 03
2005-02-16(05040) 00 04 07
2005-02-08(05039) 00 02 08
2005-02-07(05038) 03 01 09
2005-02-06(05037) 07 00 08
2005-02-05(05036) 09 04 02
2005-02-04(05035) 08 03 00
2005-02-03(05034) 01 08 06
2005-02-02(05033) 05 09 00
2005-02-01(05032) 03 06 01
2005-02-01(05031) 05 00 04
2005-01-30(05030) 04 05 09
2005-01-29(05029) 06 02 08
2005-01-28(05028) 08 06 02
2005-01-27(05027) 00 01 04
2005-01-26(05026) 02 07 07
2005-01-25(05025) 07 05 05
2005-01-24(05024) 03 01 02
2005-01-23(05023) 00 08 00
2005-01-23(05022) 09 03 08
2005-01-21(05021) 00 00 01
2005-01-20(05020) 09 02 02
2005-01-19(05019) 05 07 04
2005-01-18(05018) 00 05 05
2005-01-17(05017) 01 05 07
2005-01-16(05016) 06 06 05
2005-01-15(05015) 03 06 07
2005-01-14(05014) 00 08 05
2005-01-13(05013) 06 01 03
2005-01-12(05012) 01 09 06
2005-01-11(05011) 02 00 04
2005-01-10(05010) 04 01 06
2005-01-09(05009) 08 06 09
2005-01-08(05008) 02 08 01
2005-01-07(05007) 04 03 05
2005-01-06(05006) 04 02 00
2005-01-05(05005) 02 09 09
2005-01-04(05004) 06 07 04
2005-01-03(05003) 04 03 01
2005-01-02(05002) 03 06 06
2005-01-01(05001) 00 05 04
2004-12-31(04044) 03 08 02
2004-12-30(04043) 07 00 04
2004-12-29(04042) 07 08 00
2004-12-28(04041) 08 01 04
2004-12-27(04040) 05 06 06
2004-12-26(04039) 08 00 02
2004-12-25(04038) 04 02 05
2004-12-24(04037) 03 02 05
2004-12-23(04036) 00 00 09
2004-12-22(04035) 03 07 04
2004-12-21(04034) 09 09 05
2004-12-20(04033) 05 00 05
2004-12-19(04032) 03 07 08
2004-12-18(04031) 03 06 02
2004-12-17(04030) 01 02 00
2004-12-16(04029) 02 05 06
2004-12-15(04028) 00 07 05
2004-12-14(04027) 03 06 03
2004-12-13(04026) 06 02 01
2004-12-12(04025) 06 01 08
2004-12-11(04024) 08 08 06
2004-12-10(04023) 08 07 01
2004-12-09(04022) 05 09 01
2004-12-08(04021) 03 09 03
2004-12-07(04020) 08 01 00
2004-12-06(04019) 04 07 01
2004-12-05(04018) 06 01 02
2004-12-04(04017) 04 01 09
2004-12-03(04016) 04 04 04
2004-12-02(04015) 04 05 09
2004-12-01(04014) 03 03 05
2004-11-30(04013) 00 00 03
2004-11-29(04012) 04 03 00
2004-11-28(04011) 04 03 06
2004-11-27(04010) 02 02 07
2004-11-26(04009) 04 04 01
2004-11-25(04008) 06 02 02
2004-11-24(04007) 08 03 00
2004-11-23(04006) 05 02 06
2004-11-22(04005) 00 05 04
2004-11-21(04004) 04 04 03
2004-11-19(04003) 07 01 08
2004-11-16(04002) 03 01 07
